0, 159
0, 64
0, 160
0, 64
0, 226
0, 143
0, 35
0, 159
0, 40
0, 105
0, 188
0, 37
0, 64
0, 102
0, 78
0, 373
0, 695
0, 152
0, 414
0, 226
0, 382
0, 154
0, 102
0, 388
0, 101
0, 64
0, 166
0, 64
0, 64
0, 251
0, 56
0, 82
0, 229
0, 724
0, 217
0, 416
0, 174
0, 759
0, 208
0, 107
0, 64
0, 308
0, 323
0, 228
0, 349
0, 243
0, 80
0, 99
0, 303
0, 263
0, 217
0, 550
0, 145
0, 157
0, 156
0, 801
0, 319
0, 60
0, 76
0, 177
0, 435
0, 64
0, 257
0, 111
0, 359
0, 175
0, 380
0, 64
0, 217
0, 224
0, 128
0, 97
0, 159
0, 59
0, 64
0, 407
0, 222
0, 237
0, 178
0, 405
0, 257
0, 610
0, 80
0, 291
0, 43
0, 37
0, 520
0, 64
0, 101
0, 422
0, 64
0, 500
0, 37
0, 155
0, 533
0, 295
0, 366
0, 348
0, 80
1, 523
0, 43
0, 64
0, 259
0, 703
0, 205
0, 143
0, 200
0, 255
0, 64
0, 332
0, 64
1, 400
0, 122
0, 352
0, 250
0, 262
0, 676
0, 217
0, 331
0, 78
0, 193
0, 395
0, 64
0, 146
0, 64
0, 140
0, 69
0, 68
0, 486
0, 129
0, 408
0, 96
0, 76
0, 81
0, 59
0, 249
0, 64
0, 328
0, 64
1, 468
0, 203
0, 717
0, 254
0, 149
0, 82
0, 44
0, 75
0, 204
1, 706
0, 441
0, 203
0, 64
0, 313
0, 358
0, 202
0, 326
1, 427
0, 127
0, 203
1, 674
0, 64
0, 866
0, 126
0, 78
0, 531
0, 39
0, 74
0, 110
0, 64
0, 205
0, 58
0, 260
0, 265
1, 871
0, 64
0, 263
0, 219
1, 485
0, 202
1, 372
0, 257
0, 219
0, 64
1, 391
0, 311
0, 64
1, 636
0, 176
0, 172
0, 219
0, 143
0, 64
0, 236
0, 202
1, 461
0, 64
0, 199
1, 406
0, 215
0, 64
1, 404
0, 115
0, 64
0, 206
0, 486
0, 790
0, 203
0, 635
0, 370
0, 59
0, 161
0, 204
1, 762
1, 376
0, 287
0, 37
0, 262
1, 1377
0, 64
0, 202
1, 453
0, 376
0, 1353
0, 160
0, 237
0, 179
0, 49
1, 562
0, 145
1, 557
0, 162
0, 237
0, 181
1, 431
0, 203
1, 729
0, 546
0, 334
1, 533
0, 139
0, 144
0, 202
0, 83
1, 458
0, 376
0, 401
0, 202
0, 205
0, 64
0, 264
0, 102
0, 204
0, 161
0, 41
0, 203
0, 48
1, 511
0, 181
0, 64
0, 264
0, 37
0, 205
0, 142
0, 213
1, 417
0, 203
1, 463
0, 181
0, 387
0, 130
0, 203
0, 35
0, 101
1, 438
0, 141
0, 64
0, 181
0, 79
0, 41
0, 64
0, 334
0, 64
1, 543
0, 402
0, 202
0, 259
0, 64
0, 219
0, 77
0, 839
0, 181
0, 219
0, 52
1, 439
0, 149
0, 64
0, 255
0, 477
0, 49
0, 203
0, 219
0, 322
1, 439
0, 64
0, 64
0, 202
0, 78
0, 211
0, 219
0, 171
0, 219
0, 498
0, 595
1, 438
0, 102
0, 119
0, 191
0, 81
1, 438
0, 37
0, 244
0, 219
0, 219
1, 662
0, 64
1, 439
0, 202
0, 64
1, 372
0, 202
0, 236
1, 439
0, 203
1, 564
0, 64
0, 181
0, 37
1, 438
0, 181
1, 496
0, 245
1, 439
0, 181
0, 643
0, 64
0, 362
0, 226
0, 130
0, 402
0, 428
0, 120
0, 202
0, 150
1, 439
0, 199
0, 219
1, 438
0, 217
0, 106
0, 64
1, 384
0, 181
1, 438
0, 202
0, 242
0, 79
1, 438
0, 65
0, 79
0, 518
0, 562
0, 35
0, 202
0, 92
0, 35
1, 439
0, 98
0, 37
0, 183
0, 64
1, 844
0, 239
0, 43
1, 529
0, 202
0, 64
0, 388
0, 44
0, 202
1, 405
0, 38
0, 202
0, 206
0, 219
0, 205
0, 84
0, 126
0, 205
1, 438
0, 143
0, 181
1, 441
0, 106
0, 181
1, 439
0, 64
0, 181
1, 438
0, 59
0, 64
0, 602
0, 219
0, 219
0, 119
1, 438
0, 181
0, 38
1, 439
0, 202
1, 438
0, 203
1, 439
0, 68
0, 173
1, 439
0, 372
0, 64
0, 181
0, 156
0, 37
1, 438
0, 333
1, 439
0, 64
0, 181
0, 196
0, 213
0, 64
0, 126
0, 89
0, 213
0, 106
1, 438
0, 181
0, 64
1, 440
0, 64
0, 64
0, 85
0, 64
0, 117
0, 121
0, 348
1, 393
0, 203
0, 102
0, 104
1, 438
0, 203
0, 227
0, 237
1, 438
0, 202
0, 378
0, 284
0, 262
0, 64
1, 438
0, 41
0, 202
0, 196
0, 139
0, 204
1, 438
0, 41
0, 202
0, 64
1, 438
0, 199
1, 438
0, 79
0, 37
0, 181
0, 215
0, 600
0, 101
0, 205
1, 440
0, 64
0, 181
1, 736
0, 44
1, 439
0, 205
1, 500
0, 64
0, 280
0, 733
0, 37
0, 100
0, 236
0, 219
0, 213
0, 219
0, 102
0, 64
0, 255
1, 438
0, 202
1, 439
0, 203
0, 219
0, 64
0, 204
0, 213
0, 264
0, 241
0, 219
1, 438
0, 592
1, 408
0, 181
0, 219
0, 233
1, 438
0, 80
0, 202
0, 427
0, 347
0, 64
1, 438
0, 202
0, 64
1, 532
0, 181
0, 75
0, 217
1, 451
0, 199
0, 213
1, 441
0, 199
0, 161
1, 772
0, 75
0, 181
0, 213
0, 307
0, 81
0, 479
0, 64
0, 181
0, 131
1, 438
0, 181
0, 64
1, 438
0, 137
0, 75
0, 35
0, 257
0, 96
0, 239
0, 259
0, 213
0, 110
0, 64
0, 208
1, 439
0, 64
0, 181
0, 130
1, 439
0, 203
0, 64
1, 438
0, 64
0, 181
1, 453
0, 202
0, 217
1, 441
0, 202
0, 219
1, 439
0, 202
0, 238
1, 976
0, 81
0, 199
1, 439
0, 199
1, 438
0, 316
0, 35
0, 250
0, 95
0, 574
0, 42
0, 181
0, 213
1, 438
0, 248
0, 213
1, 438
0, 199
0, 535
0, 203
0, 41
1, 439
0, 205
0, 56
0, 86
0, 102
0, 144
0, 213
1, 439
0, 84
0, 71
0, 108
0, 381
0, 202
0, 213
0, 81
1, 534
0, 203
0, 125
1, 438
0, 64
0, 181
1, 697
0, 221
1, 439
0, 203
0, 64
1, 438
0, 181
0, 219
0, 219
0, 101
1, 503
0, 241
0, 64
1, 438
0, 806
0, 247
0, 219
0, 213
0, 219
0, 302
0, 139
1, 438
0, 37
0, 181
0, 97
0, 64
1, 438
0, 199
1, 439
0, 118
0, 64
0, 181
1, 722
0, 470
0, 840
0, 201
1, 438
1, 1020
0, 320
0, 219
0, 64
1, 438
0, 101
0, 366
0, 53
0, 203
0, 424
0, 444
0, 181
0, 227
0, 64
1, 453
0, 215
1, 456
0, 251
1, 438
0, 202
0, 205
0, 265
0, 331
0, 213
0, 213
0, 237
1, 442
0, 196
1, 439
0, 64
0, 181
0, 64
0, 238
1, 434
0, 203
0, 219
1, 438
0, 110
0, 203
0, 35
1, 896
0, 202
0, 213
0, 64
0, 215
1, 552
0, 202
0, 144
1, 438
0, 199
0, 64
0, 217
1, 438
0, 41
0, 202
1, 600
0, 64
1, 414
0, 122
0, 202
1, 438
0, 181
1, 438
0, 97
0, 37
0, 215
0, 532
0, 181
0, 204
0, 219
1, 438
0, 202
0, 238
1, 439
0, 203
0, 219
1, 439
0, 64
0, 181
1, 440
0, 181
0, 219
0, 219
0, 37
1, 495
0, 273
0, 132
0, 219
0, 239
0, 219
0, 71
1, 384
0, 423
0, 199
0, 325
0, 272
0, 219
0, 149
0, 64
0, 342
0, 64
1, 439
0, 35
0, 202
0, 213
1, 451
0, 203
0, 84
1, 974
0, 246
0, 165
0, 143
0, 40
1, 438
1, 438
0, 244
0, 213
1, 438
0, 235
1, 438
1, 442
0, 180
0, 213
1, 518
1, 380
0, 64
0, 181
0, 37
1, 439
0, 64
0, 181
0, 213
0, 237
0, 115
0, 422
0, 120
0, 103
1, 534
0, 181
1, 438
0, 181
0, 107
0, 64
1, 438
0, 72
0, 216
0, 213
0, 61
1, 439
1, 439
0, 180
0, 213
0, 213
0, 172
0, 213
0, 534
0, 166
0, 206
0, 291
0, 83
1, 438
1, 442
1, 441
0, 268
0, 219
0, 64
1, 372
1, 847
0, 64
0, 181
0, 64
1, 419
0, 218
0, 49
1, 458
0, 64
0, 309
0, 213
0, 64
1, 553
1, 534
0, 251
0, 35
0, 326
1, 474
0, 211
1, 751
1, 868
0, 64
0, 181
1, 694
0, 82
0, 220
0, 338
0, 213
1, 746
0, 264
0, 88
1, 818
0, 240
0, 213
1, 571
0, 178
0, 64
1, 695
0, 64
1, 813
0, 181
1, 523
0, 59
0, 145
1, 1152
0, 64
0, 246
0, 64
0, 218
0, 206
0, 270
0, 297
0, 92
1, 655
1, 758
0, 64
1, 676
0, 204
0, 64
1, 440
0, 181
1, 1327
0, 219
1, 617
0, 82
1, 697
0, 64
1, 1042
1, 443
0, 149
0, 219
1, 779
1, 633
0, 297
0, 194
0, 64
1, 802
0, 302
1, 731
0, 270
0, 118
0, 88
1, 691
0, 276
1, 757
0, 245
1, 755
0, 219
1, 883
0, 206
0, 64
1, 375
0, 64
0, 237
0, 134
0, 64
0, 98
0, 80
1, 698
0, 64
1, 719
1, 814
1, 528
1, 593
0, 219
0, 204
0, 438
0, 80
1, 757
0, 205
0, 288
0, 302
1, 661
0, 213
1, 1250
1, 702
1, 783
0, 37
0, 243
0, 115
1, 661
1, 720
0, 43
0, 208
1, 616
0, 64
0, 846
0, 84
0, 138
0, 268
0, 64
1, 661
0, 96
0, 245
0, 265
1, 848
0, 351
0, 64
1, 661
1, 661
1, 578
0, 85
0, 219
1, 662
0, 257
0, 194
0, 38
1, 551
1, 609
0, 53
1, 474
0, 216
0, 35
0, 204
1, 1122
0, 64
1, 576
0, 73
0, 213
0, 213
0, 271
1, 668
1, 372
0, 212
0, 64
0, 234
0, 64
1, 576
1, 661
1, 438
0, 312
0, 269
1, 595
0, 213
1, 434
0, 91
0, 215
1, 654
0, 469
1, 665
0, 204
0, 237
0, 264
1, 873
0, 49
0, 86
0, 181
0, 219
0, 219
0, 216
0, 332
1, 481
0, 35
0, 213
1, 662
1, 661
1, 662
1, 663
0, 89
1, 449
0, 272
1, 913
1, 661
0, 205
0, 67
1, 984
0, 86
0, 213
0, 219
0, 169
0, 219
0, 64
1, 449
0, 156
0, 64
1, 661
1, 661
1, 661
0, 216
1, 834
0, 70
0, 243
0, 245
0, 236
0, 248
0, 64
1, 821
0, 231
0, 64
1, 661
0, 143
0, 213
0, 213
0, 110
0, 235
1, 662
0, 331
0, 136
0, 247
0, 416
0, 234
0, 64
0, 236
0, 219
1, 661
1, 439
1, 661
1, 661
1, 661
1, 576
1, 575
0, 205
0, 213
0, 98
0, 50
1, 661
1, 661
1, 575
0, 89
1, 661
1, 661
0, 406
0, 269
0, 37
1, 594
1, 662
1, 617
0, 216
0, 64
1, 787
0, 181
0, 124
0, 155
0, 214
0, 203
0, 64
0, 264
0, 64
1, 643
0, 44
1, 688
0, 213
0, 219
0, 165
0, 659
1, 677
0, 386
0, 211
0, 35
1, 713
0, 95
0, 229
0, 213
0, 205
0, 219
0, 265
0, 38
1, 577
1, 683
1, 891
1, 824
0, 44
4, 1152
1, 706
0, 167
1, 449
0, 181
0, 213
0, 219
0, 204
0, 219
0, 219
0, 252
0, 102
4, 1871
4, 784
0, 181
0, 635
1, 847
0, 318
0, 219
0, 213
0, 153
0, 213
0, 442
0, 181
0, 64
0, 206
0, 177
0, 160
0, 112
1, 469
0, 91
0, 213
0, 87
0, 37
1, 566
4, 838
0, 181
1, 575
4, 1663
0, 181
4, 2200
0, 250
1, 695
0, 272
0, 249
0, 234
4, 881
4, 1148
0, 213
0, 64
4, 1079
0, 114
0, 110
0, 775
0, 93
0, 213
1, 747
0, 271
4, 1836
0, 227
0, 64
4, 787
0, 181
4, 782
0, 216
1, 692
0, 270
0, 219
0, 84
0, 64
4, 943
0, 64
0, 181
0, 219
0, 64
1, 810
0, 64
0, 181
0, 79
1, 656
0, 219
0, 205
0, 64
4, 810
0, 236
0, 210
4, 1375
1, 510
4, 770
0, 101
0, 122
0, 213
0, 219
4, 1181
1, 731
1, 895
1, 379
0, 41
1, 604
0, 81
0, 213
0, 213
0, 50
4, 1297
0, 87
0, 312
0, 221
0, 296
0, 213
0, 64
0, 275
0, 265
4, 1064
0, 64
0, 204
4, 1018
0, 64
0, 357
0, 213
1, 576
4, 770
1, 490
0, 72
0, 64
0, 181
0, 248
4, 823
4, 840
4, 770
4, 992
0, 238
0, 142
4, 1013
0, 88
0, 213
0, 97
4, 784
0, 35
4, 973
0, 56
0, 181
0, 117
4, 746
0, 138
0, 270
1, 577
1, 529
0, 64
0, 181
0, 64
1, 722
0, 143
0, 213
4, 1686
1, 1321
0, 213
1, 689
4, 1105
4, 817
0, 214
0, 219
0, 205
1, 783
0, 181
0, 205
25, 4795
1, 589
0, 64
1, 718
0, 270
0, 78
0, 217
0, 219
0, 425
0, 35
0, 300
4, 1189
4, 1577
0, 213
4, 1147
1, 393
0, 64
0, 241
0, 625
4, 749
0, 277
1, 692
0, 93
1, 729
1, 1061
0, 64
1, 1101
1, 439
0, 64
0, 181
4, 756
0, 101
0, 106
0, 215
0, 213
0, 213
0, 44
4, 1132
0, 152
1, 813
4, 814
0, 181
1, 502
0, 181
0, 219
0, 213
0, 308
0, 64
1, 775
0, 38
4, 816
1, 764
0, 191
0, 119
0, 216
0, 261
0, 94
1, 612
0, 133
0, 105
0, 64
4, 796
0, 166
1, 714
4, 819
0, 181
0, 213
0, 213
0, 64
1, 449
0, 162
4, 1192
0, 264
4, 2701
0, 216
0, 104
4, 831
1, 659
1, 691
0, 88
1, 576
0, 217
4, 762
1, 501
0, 603
0, 35
4, 829
1, 444
4, 2511
0, 64
0, 181
0, 37
1, 461
0, 171
1, 576
1, 494
0, 115
0, 213
1, 817
0, 181
0, 282
0, 64
0, 220
0, 64
1, 648
0, 121
1, 828
0, 571
4, 901
0, 181
4, 1222
1, 575
1, 632
0, 455
4, 802
1, 441
1, 533
1, 545
0, 264
0, 101
0, 64
1, 643
0, 64
1, 820
0, 337
0, 215
0, 92
0, 219
0, 43
4, 2660
4, 1823
4, 1069
0, 213
0, 219
0, 238
0, 142
0, 213
1, 651
0, 238
0, 64
1, 930
0, 681
1, 575
1, 421
0, 64
0, 194
0, 146
0, 215
0, 213
0, 213
0, 223
0, 64
1, 500
0, 213
0, 208
4, 887
0, 181
0, 64
1, 516
0, 181
4, 1174
0, 181
1, 575
4, 1113
0, 192
4, 796
0, 64
0, 181
0, 219
0, 321
0, 57
0, 89
0, 64
4, 1206
0, 213
0, 64
4, 1558
0, 216
0, 64
4, 977
0, 85
0, 238
4, 882
1, 655
0, 108
0, 64
1, 808
0, 92
0, 213
0, 383
0, 181
4, 1222
0, 181
0, 211
4, 892
4, 858
1, 502
0, 64
0, 214
1, 576
4, 1428
0, 183
1, 627
0, 53
1, 866
0, 51
0, 280
0, 64
1, 982
0, 215
1, 650
0, 219
1, 450
0, 183
4, 2477
0, 315
0, 144
0, 215
1, 677
0, 217
1, 498
4, 1767
0, 212
0, 64
0, 264
1, 747
4, 894
0, 214
0, 219
0, 109
4, 991
1, 594
0, 219
0, 238
4, 762
0, 215
0, 219
0, 215
0, 303
0, 357
1, 683
0, 249
0, 505
0, 864
0, 215
0, 35
4, 2378
1, 577
1, 690
1, 712
0, 64
1, 525
1, 712
0, 195
0, 38
0, 238
1, 696
0, 97
0, 64
1, 769
0, 64
1, 643
0, 215
0, 64
1, 685
1, 730
0, 205
0, 215
0, 370
0, 132
0, 64
0, 183
0, 922
0, 64
1, 376
4, 1074
0, 64
1, 575
0, 93
1, 694
0, 249
1, 863
1, 554
4, 803
0, 246
4, 855
1, 575
4, 773
0, 64
1, 696
0, 64
1, 735
0, 237
0, 219
0, 236
0, 215
4, 1060
1, 458
0, 238
1, 1018
0, 114
0, 273
0, 272
1, 657
0, 411
1, 575
4, 947
1, 507
0, 44
4, 979
0, 64
0, 234
0, 86
0, 101
0, 92
1, 682
5, 5159
1, 695
4, 1169
1, 575
1, 576
0, 205
0, 81
1, 957
1, 1060
4, 1534
0, 332
0, 247
0, 265
0, 219
0, 43
0, 133
1, 458
5, 1912
1, 527
1, 575
1, 440
4, 846
0, 197
1, 534
0, 243
0, 64
4, 909
1, 575
1, 626
1, 782
0, 64
4, 1200
4, 877
0, 41
0, 82
1, 453
0, 43
4, 975
0, 415
1, 575
4, 1257
1, 508
0, 64
0, 183
4, 884
1, 575
1, 459
1, 665
4, 1041
0, 248
1, 575
1, 634
0, 120
0, 64
0, 236
0, 150
0, 217
0, 214
1, 576
0, 204
0, 150
0, 64
4, 937
1, 868
0, 135
0, 233
0, 64
4, 958
0, 35
1, 534
4, 1785
4, 1349
0, 423
0, 269
1, 456
0, 65
4, 1389
1, 478
0, 57
1, 678
0, 82
1, 580
4, 1403
1, 575
0, 205
0, 64
4, 4435
4, 1495
1, 1081
0, 114
0, 35
4, 748
0, 602
0, 219
4, 1291
4, 1222
0, 748
1, 689
4, 1063
4, 1025
1, 816
4, 1293
1, 375
1, 610
0, 205
0, 80
0, 666
0, 38
1, 1083
0, 219
0, 218
0, 204
4, 871
1, 698
0, 219
0, 93
4, 925
0, 432
0, 439
4, 1833
4, 4348
0, 115
0, 64
0, 183
0, 67
4, 1006
1, 504
0, 78
0, 146
0, 220
0, 205
4, 784
1, 476
4, 1023
1, 666
0, 138
1, 656
0, 219
0, 64
4, 867
0, 149
1, 627
4, 1009
0, 219
1, 675
0, 184
1, 712
0, 64
1, 769
0, 88
1, 744
0, 48
0, 204
1, 519
1, 519
0, 64
4, 920
1, 465
0, 64
0, 214
0, 38
4, 955
4, 748
4, 790
0, 92
1, 673
1, 744
0, 277
1, 1157
1, 629
0, 219
1, 461
0, 206
4, 954
0, 295
4, 848
1, 561
0, 103
1, 500
0, 249
1, 765
1, 655
0, 232
1, 503
0, 38
4, 2287
4, 1486
0, 272
1, 768
0, 35
4, 1183
0, 489
1, 871
0, 86
0, 152
1, 957
1, 626
1, 749
0, 118
0, 219
0, 245
0, 92
0, 221
1, 697
0, 234
0, 64
4, 965
0, 209
4, 899
0, 64
0, 183
0, 582
4, 862
0, 146
1, 747
0, 205
0, 219
4, 771
0, 64
0, 258
4, 893
0, 64
0, 214
1, 779
0, 64
1, 445
0, 64
1, 618
0, 253
0, 104
0, 202
1, 453
1, 472
4, 972
0, 205
0, 338
0, 99
0, 237
0, 76
0, 100
4, 899
0, 390
0, 71
0, 239
0, 217
4, 1943
1, 414
0, 35
0, 264
0, 405
4, 1032
0, 64
4, 880
1, 503
0, 64
0, 183
4, 1661
4, 769
1, 459
0, 304
0, 98
0, 153
0, 128
0, 254
0, 102
0, 59
1, 663
0, 205
0, 64
0, 264
0, 44
1, 500
1, 716
0, 401
1, 1129
1, 760
1, 486
0, 198
0, 374
0, 107
4, 873
4, 858
1, 443
0, 64
1, 365
4, 940
1, 352
1, 499
0, 64
1, 355
1, 464
1, 538
4, 839
0, 847
0, 349
0, 205
0, 133
0, 231
0, 64
1, 631
0, 37
0, 276
1, 754
0, 142
1, 818
5, 2487
0, 69
4, 768
0, 89
4, 1034
4, 805
0, 418
4, 990
1, 465
0, 234
4, 813
1, 455
0, 64
0, 310
4, 869
0, 83
1, 848
1, 465
0, 66
1, 772
0, 236
4, 949
0, 64
1, 375
1, 453
0, 64
1, 349
0, 116
1, 760
0, 550
0, 109
0, 704
0, 281
0, 64
0, 98
1, 483
1, 528
1, 464
0, 182
4, 881
4, 999
1, 507
4, 934
1, 758
1, 426
0, 127
0, 139
1, 456
0, 356
0, 395
4, 775
1, 594
0, 346
4, 1539
0, 306
0, 37
4, 1016
0, 248
0, 64
4, 1358
1, 697
4, 1493
1, 506
0, 181
0, 133
0, 64
4, 785
0, 64
0, 234
0, 204
4, 916
4, 748
1, 458
0, 533
0, 189
0, 90
4, 1196
0, 111
4, 911
1, 711
0, 264
0, 64
0, 204
4, 974
1, 475
0, 264
0, 246
25, 5992
0, 38
4, 852
4, 879
1, 343
0, 49
0, 205
4, 1037
4, 1075
4, 809
1, 479
0, 100
0, 90
1, 760
0, 64
4, 1063
0, 181
4, 2049
1, 689
0, 259
4, 810
1, 693
4, 1481
4, 793
0, 55
4, 820
1, 690
0, 205
4, 831
1, 461
0, 64
0, 181
4, 779
1, 576
0, 239
4, 930
4, 995
0, 56
1, 665
1, 505
4, 1051
1, 575
0, 356
0, 92
4, 997
1, 754
0, 37
1, 832
0, 255
0, 205
0, 239
1, 543
0, 182
4, 906
4, 2291
0, 402
4, 967
1, 364
1, 768
0, 452
4, 825
0, 181
0, 64
0, 192
0, 81
4, 938
0, 64
1, 446
4, 809
4, 835
4, 927
0, 210
0, 248
1, 451
0, 64
1, 436
4, 949
4, 1223
4, 821
4, 931
0, 271
0, 217
1, 576
4, 768
4, 899
0, 508
0, 239
0, 64
1, 682
4, 1303
1, 533
0, 35
1, 375
1, 456
4, 920
4, 1880
4, 1943
0, 425
0, 64
0, 183
4, 799
4, 938
1, 627
1, 576
0, 219
1, 459
0, 235
0, 142
1, 513
1, 622
1, 477
1, 778
0, 64
1, 513
1, 700
0, 291
0, 76
0, 108
1, 688
4, 846
4, 831
0, 295
0, 88
4, 1038
4, 846
4, 904
4, 824
1, 608
1, 801
0, 94
0, 64
0, 244
1, 865
0, 166
0, 236
0, 41
4, 1354
4, 790
0, 103
1, 787
0, 51
1, 513
0, 124
1, 465
1, 465
0, 687
4, 2580
4, 852
1, 621
0, 191
0, 200
4, 1747
1, 750
0, 64
4, 869
1, 338
1, 808
4, 949
4, 924
4, 1529
1, 678
1, 487
1, 486
1, 650
1, 860
0, 388
0, 86
0, 246
4, 1175
0, 253
0, 204
1, 414
0, 412
0, 128
0, 110
0, 115
4, 816
1, 715
0, 102
0, 236
4, 795
0, 182
0, 245
0, 64
0, 98
0, 103
1, 778
0, 180
4, 749
1, 476
0, 406
1, 509
4, 936
0, 267
1, 475
0, 83
0, 38
1, 499
0, 152
0, 64
4, 758
1, 523
0, 64
1, 475
0, 217
0, 62
4, 1172
4, 1140
1, 763
0, 64
1, 458
0, 60
4, 793
4, 855
1, 696
0, 220
4, 993
1, 348
0, 298
1, 678
0, 64
4, 845
0, 35
0, 64
1, 438
4, 1051
0, 423
0, 233
0, 64
1, 442
0, 65
0, 216
4, 804
0, 536
0, 155
1, 813
0, 110
0, 382
0, 64
1, 352
4, 2066
4, 769
0, 218
4, 1086
1, 575
4, 867
4, 849
1, 706
1, 576
0, 90
1, 800
1, 465
0, 64
1, 818
0, 144
1, 577
4, 840
4, 1000
0, 64
4, 830
1, 688
0, 374
0, 258
4, 775
0, 64
4, 1251
0, 64
4, 884
1, 817
1, 475
4, 911
1, 455
4, 945
0, 194
4, 1684
1, 513
0, 64
1, 409
1, 477
0, 358
0, 159
4, 793
4, 827
1, 446
0, 82
4, 792
1, 442
0, 234
1, 626
4, 2705
0, 64
0, 214
4, 896
0, 101
0, 64
1, 442
1, 790
4, 882
1, 481
0, 94
1, 464
4, 771
1, 576
4, 812
0, 272
4, 898
1, 628
1, 1010
4, 808
0, 269
1, 459
4, 778
1, 551
0, 314
1, 676
4, 1155
0, 240
0, 64
4, 1445
0, 369
1, 544
4, 869
1, 448
1, 465
0, 699
0, 568
1, 491
0, 66
4, 1062
0, 98
0, 64
4, 886
0, 64
0, 89
0, 396
1, 483
0, 53
4, 805
4, 1222
0, 64
4, 779
0, 64
4, 790
0, 231
1, 685
1, 589
1, 591
4, 745
4, 849
0, 247
4, 1269
0, 64
0, 98
1, 733
0, 223
1, 707
0, 74
4, 847
1, 373
0, 35
4, 1108
4, 823
1, 575
0, 353
1, 477
5, 3194
1, 540
0, 705
4, 1731
0, 723
1, 768
4, 749
1, 825
1, 598
1, 506
0, 79
1, 746
0, 64
4, 847
4, 919
1, 478
4, 1226
0, 183
0, 237
4, 1125
1, 767
0, 237
1, 474
4, 1073
4, 881
1, 478
0, 64
1, 457
1, 465
1, 658
0, 246
1, 687
1, 727
0, 241
0, 102
0, 790
4, 763
0, 206
0, 64
4, 828
1, 446
0, 77
0, 645
4, 961
0, 246
0, 237
1, 900
0, 38
4, 1044
0, 64
1, 732
0, 112
0, 94
1, 467
0, 204
1, 465
1, 695
0, 236
4, 772
1, 575
4, 828
1, 693
4, 806
1, 465
4, 894
1, 734
1, 460
1, 450
0, 552
0, 344
1, 568
0, 227
0, 64
1, 647
1, 720
0, 117
1, 529
0, 252
0, 251
0, 104
4, 794
1, 523
0, 504
0, 64
0, 183
0, 187
1, 710
0, 239
0, 262
4, 800
0, 244
0, 302
1, 793
0, 413
4, 1155
1, 806
0, 64
4, 1083
1, 858
0, 93
4, 1235
1, 810
0, 75
4, 862
0, 311
0, 284
1, 978
0, 35
1, 647
1, 464
4, 786
0, 375
0, 58
1, 479
0, 64
4, 771
0, 219
1, 748
0, 64
1, 877
1, 684
0, 218
0, 122
0, 845
1, 908
0, 37
1, 797
0, 134
1, 538
0, 277
0, 266
1, 732
0, 66
0, 274
0, 236
4, 944
1, 465
1, 465
0, 64
1, 688
0, 38
0, 205
0, 241
1, 486
1, 456
0, 93
1, 797
0, 322
0, 236
4, 1216
4, 801
4, 779
4, 779
0, 64
4, 769
1, 440
0, 293
4, 1018
0, 221
1, 465
0, 275
0, 64
4, 1423
0, 64
1, 681
0, 109
4, 953
0, 215
1, 509
0, 90
1, 446
1, 752
1, 842
0, 71
0, 86
1, 465
0, 98
1, 481
4, 938
0, 198
4, 910
0, 182
0, 64
1, 473
0, 192
1, 576
4, 864
1, 730
0, 64
1, 395
1, 579
0, 78
1, 464
4, 3598
4, 852
0, 221
1, 888
0, 83
0, 1044
0, 35
4, 1105
4, 1010
1, 451
4, 823
1, 777
0, 52
1, 360
4, 1517
1, 626
1, 476
1, 450
0, 895
0, 386
1, 478
4, 981
0, 183
0, 237
1, 475
5, 2309
4, 1197
1, 655
0, 48
4, 801
0, 254
4, 817
0, 95
0, 94
4, 996
0, 64
4, 809
0, 235
4, 1418
4, 850
1, 442
0, 37
4, 788
4, 1080
0, 219
4, 958
1, 804
0, 49
1, 1137
0, 205
1, 459
0, 64
4, 766
4, 789
1, 720
4, 1004
0, 649
0, 474
0, 183
1, 918
0, 321
4, 931
1, 716
4, 1678
1, 522
4, 856
1, 451
4, 988
4, 868
1, 461
1, 720
4, 1037
4, 957
0, 64
0, 262
4, 1064
0, 273
1, 460
4, 845
1, 695
4, 886
1, 465
4, 770
0, 237
0, 64
4, 897
1, 457
1, 554
0, 260
4, 901
0, 64
1, 647
1, 772
0, 239
1, 632
0, 205
0, 204
0, 144
1, 725
1, 462
1, 668
4, 817
1, 346
0, 393
1, 666
0, 64
0, 205
1, 775
0, 270
4, 836
1, 475
4, 801
1, 1013
4, 1027
1, 443
1, 464
1, 750
0, 220
1, 1116
0, 218
1, 833
0, 116
1, 1085
0, 364
1, 459
1, 692
0, 38
4, 881
4, 933
0, 64
0, 183
1, 696
1, 501
4, 865
4, 1191
0, 263
0, 64
4, 859
0, 183
0, 263
4, 770
0, 67
1, 516
1, 838
0, 236
0, 44
4, 862
4, 800
4, 904
1, 742
4, 1593
0, 587
0, 64
1, 662
1, 793
0, 139
4, 830
4, 1020
4, 1015
0, 182
1, 727
4, 955
1, 450
1, 446
4, 925
4, 807
4, 1018
1, 442
4, 886
0, 242
0, 268
1, 484
0, 64
1, 376
1, 910
0, 218
0, 103
4, 1040
4, 1093
1, 528
0, 114
4, 961
0, 64
1, 722
0, 96
0, 221
1, 487
1, 477
0, 246
4, 1086
0, 98
4, 905
1, 453
0, 306
0, 231
0, 119
0, 248
4, 880
1, 465
0, 64
4, 1123
0, 330
1, 440
0, 192
0, 64
1, 685
1, 994
4, 1084
4, 920
1, 465
4, 926
4, 913
4, 867
0, 418
1, 446
1, 467
0, 35
1, 513
1, 484
0, 150
0, 474
1, 777
0, 56
4, 894
0, 378
4, 1135
0, 151
1, 799
0, 322
0, 80
5, 1907
1, 686
0, 205
4, 904
4, 1227
1, 463
4, 912
1, 693
4, 939
0, 191
4, 1023
4, 801
0, 215
0, 270
0, 213
4, 786
4, 906
4, 825
0, 183
0, 64
1, 459
0, 213
4, 1109
0, 183
4, 919
0, 64
1, 836
0, 201
4, 848
4, 898
1, 842
0, 37
1, 560
4, 925
0, 64
4, 1040
0, 413
0, 89
1, 465
0, 107
0, 64
1, 443
0, 188
0, 191
0, 96
1, 458
4, 814
4, 892
4, 937
0, 66
1, 519
0, 360
0, 64
1, 778
0, 64
0, 374
1, 513
4, 860
4, 964
4, 860
1, 503
4, 806
0, 243
1, 438
1, 692
1, 440
0, 64
0, 304
1, 469
4, 1148
0, 1244
0, 92
4, 761
1, 813
1, 465
0, 257
0, 275
0, 205
0, 187
0, 128
1, 723
1, 448
0, 213
0, 64
4, 834
4, 915
4, 782
1, 491
0, 93
1, 464
4, 877
4, 903
4, 1257
0, 35
0, 173
4, 839
0, 301
4, 825
0, 183
0, 249
4, 1289
1, 701
0, 160
0, 236
4, 804
4, 902
4, 1455
0, 238
0, 38
0, 206
1, 895
0, 277
4, 1429
4, 1252
1, 733
1, 442
0, 306
4, 811
4, 1106
0, 110
0, 97
0, 64
1, 649
0, 116
4, 972
1, 799
4, 953
0, 286
1, 799
1, 486
1, 540
1, 996
1, 465
1, 682
0, 64
1, 540
0, 64
4, 889
1, 720
0, 218
4, 1978
1, 486
1, 442
4, 800
1, 465
1, 532
4, 954
4, 772
4, 846
0, 197
1, 452
1, 472
1, 479
1, 463
4, 837
4, 907
1, 539
0, 55
0, 265
4, 874
4, 842
4, 765
4, 865
1, 344
0, 205
0, 205
1, 481
0, 193
0, 100
1, 794
0, 231
0, 108
4, 899
4, 764
4, 865
4, 1116
0, 272
0, 238
4, 800
4, 779
4, 896
4, 1043
4, 927
0, 64
1, 682
4, 870
1, 746
0, 64
1, 451
4, 755
0, 64
4, 898
0, 71
1, 487
1, 749
4, 1051
4, 909
4, 821
4, 821
1, 594
4, 925
0, 64
4, 963
0, 214
4, 931
1, 732
0, 64
1, 643
0, 149
4, 929
4, 1024
0, 64
4, 955
0, 82
1, 439
1, 457
0, 238
4, 822
0, 180
4, 858
1, 719
0, 64
4, 978
4, 910
1, 343
0, 1687
0, 257
0, 250
1, 801
0, 64
4, 1118
1, 505
1, 464
0, 64
1, 697
0, 51
4, 890
0, 289
0, 205
0, 64
4, 1404
4, 1965
0, 253
4, 961
1, 876
0, 70
1, 724
0, 264
4, 915
0, 190
0, 286
0, 44
4, 1298
4, 859
0, 396
4, 802
1, 464
1, 502
4, 787
1, 493
0, 252
0, 205
0, 245
4, 894
1, 836
0, 191
4, 773
1, 447
0, 64
4, 831
1, 665
0, 64
0, 236
4, 775
0, 64
4, 1059
4, 1021
1, 454
4, 810
4, 947
1, 522
1, 698
0, 49
1, 677
4, 1053
4, 976
1, 833
1, 683
4, 1373
1, 683
0, 143
1, 490
0, 38
1, 480
0, 1114
1, 806
0, 191
0, 100
0, 106
1, 483
0, 35
1, 478
0, 216
4, 905
0, 64
4, 913
1, 352
0, 236
1, 747
0, 38
1, 762
0, 64
1, 683
0, 236
0, 64
1, 501
0, 64
1, 441
4, 1063
1, 475
4, 889
0, 64
1, 728
1, 496
4, 866
1, 376
4, 837
4, 753
0, 64
1, 500
0, 64
4, 788
0, 236
1, 1593
4, 893
4, 792
1, 452
0, 121
1, 465
4, 885
0, 291
0, 160
0, 64
0, 483
0, 66
0, 183
4, 783
0, 64
0, 205
4, 825
1, 479
0, 69
0, 101
0, 173
4, 1050
4, 1782
4, 914
1, 451
1, 458
4, 845
1, 1011
0, 271
0, 122
4, 867
4, 888
1, 452
0, 376
0, 64
0, 270
0, 235
4, 1061
0, 64
4, 757
4, 1170
0, 268
1, 464
0, 205
1, 464
0, 248
0, 64
4, 892
4, 1136
1, 503
1, 465
0, 183
1, 639
0, 79
4, 861
0, 219
0, 161
1, 535
1, 465
1, 854
0, 204
4, 947
4, 1694
4, 767
0, 240
4, 748
1, 443
0, 256
0, 143
0, 246
4, 1448
4, 1032
4, 1001
4, 854
4, 1108
0, 258
1, 457
0, 64
1, 378
4, 967
0, 64
4, 832
4, 974
4, 860
1, 699
0, 250
0, 571
4, 803
0, 365
0, 97
0, 329
0, 205
0, 113
0, 496
1, 486
4, 1027
0, 270
4, 1009
0, 408
0, 329
1, 702
1, 936
1, 502
1, 609
0, 503
0, 54
4, 784
0, 284
1, 372
0, 238
4, 781
0, 106
4, 884
0, 182
4, 1236
4, 891
4, 880
1, 501
1, 504
4, 886
1, 442
1, 714
1, 796
0, 64
4, 850
0, 232
0, 154
1, 485
1, 456
0, 221
4, 924
0, 272
0, 37
1, 1247
0, 83
0, 125
0, 64
1, 474
0, 238
4, 837
1, 463
0, 221
1, 685
0, 110
4, 897
4, 885
4, 779
0, 86
1, 719
0, 64
4, 939
1, 529
0, 266
4, 1015
0, 64
0, 269
1, 956
0, 173
0, 393
1, 465
0, 273
4, 822
4, 913
1, 652
4, 856
4, 814
0, 194
4, 972
1, 811
0, 37
4, 750
0, 204
4, 830
0, 239
0, 35
4, 781
0, 64
0, 237
1, 722
0, 64
1, 372
4, 856
1, 748
4, 788
0, 183
1, 462
4, 994
4, 813
4, 815
4, 882
0, 218
1, 785
0, 93
4, 798
4, 1060
0, 252
0, 64
4, 812
1, 477
0, 64
0, 243
1, 491
0, 64
4, 1030
0, 182
0, 204
4, 968
0, 363
1, 480
0, 118
0, 183
4, 894
4, 896
4, 833
1, 669
0, 64
1, 796
4, 1095
4, 1119
4, 990
0, 64
1, 711
4, 953
1, 466
1, 860
0, 35
1, 462
4, 1058
1, 719
0, 64
1, 769
4, 829
4, 930
1, 465
4, 810
1, 452
0, 91
1, 710
0, 236
0, 44
1, 450
0, 146
1, 742
0, 37
4, 787
1, 975
0, 244
4, 815
4, 777
0, 142
4, 995
4, 766
0, 206
4, 802
4, 1378
0, 64
4, 933
1, 407
1, 464
4, 909
1, 636
0, 1077
1, 349
4, 823
0, 178
4, 863
4, 1003
0, 182
0, 64
4, 1045
4, 1115
0, 64
4, 985
0, 64
1, 720
1, 755
0, 93
1, 466
0, 88
0, 64
4, 875
4, 792
4, 1252
1, 573
1, 475
1, 465
0, 64
4, 945
1, 745
0, 64
1, 672
1, 459
0, 343
4, 1059
0, 114
0, 183
1, 1160
0, 234
4, 877
4, 764
4, 1005
0, 64
4, 1033
1, 719
1, 764
0, 220
0, 64
0, 249
1, 750
0, 64
1, 459
4, 912
0, 64
4, 1057
0, 205
0, 258
0, 108
0, 239
1, 499
1, 1106
0, 443
4, 935
4, 1057
4, 864
0, 304
1, 492
4, 769
4, 925
4, 751
4, 963
4, 895
4, 878
4, 948
4, 786
0, 64
4, 1197
1, 781
0, 134
0, 199
4, 1092
0, 64
1, 749
0, 64
1, 375
1, 479
0, 181
4, 1205
4, 1096
4, 844
0, 213
1, 426
0, 122
4, 953
4, 987
0, 287
1, 519
1, 768
0, 53
4, 1470
0, 243
0, 264
1, 455
0, 181
4, 801
4, 950
4, 830
1, 548
0, 64
1, 443
0, 64
4, 961
1, 465
0, 213
0, 64
4, 869
1, 466
4, 787
1, 983
1, 452
4, 791
1, 765
4, 769
1, 702
0, 133
4, 1388
0, 245
0, 62
1, 491
4, 816
1, 378
1, 886
0, 68
0, 236
1, 460
0, 451
4, 837
1, 473
4, 819
1, 468
0, 183
0, 243
0, 262
1, 610
0, 346
0, 237
0, 222
0, 237
4, 1000
4, 2063
1, 735
4, 1286
4, 1081
1, 876
0, 111
0, 116
4, 974
4, 1101
0, 183
0, 88
0, 205
0, 64
4, 886
1, 681
4, 867
0, 192
0, 213
0, 246
0, 331
4, 1112
0, 92
0, 254
0, 105
4, 759
4, 793
4, 969
0, 391
1, 784
4, 903
1, 379
4, 858
4, 1189
0, 182
0, 38
4, 901
4, 915
0, 78
1, 666
4, 808
4, 1304
4, 772
0, 204
1, 653
4, 1551
0, 95
0, 239
0, 143
0, 246
4, 925
1, 698
4, 938
0, 278
4, 1220
4, 847
0, 244
4, 923
1, 778
4, 910
1, 475
4, 998
4, 784
4, 828
1, 480
1, 486
0, 64
4, 778
0, 64
4, 865
4, 1032
0, 64
4, 900
4, 890
1, 454
0, 101
0, 144
1, 810
0, 64
4, 818
0, 197
0, 206
1, 510
1, 746
0, 64
1, 499
4, 999
0, 183
0, 335
4, 834
4, 968
4, 946
1, 463
0, 130
4, 1131
0, 266
4, 856
1, 745
4, 1234
1, 894
1, 465
4, 2169
0, 215
1, 692
1, 464
4, 793
1, 510
1, 665
4, 771
0, 337
1, 506
4, 1092
4, 764
0, 221
0, 171
4, 796
0, 257
0, 64
1, 719
0, 64
4, 802
1, 742
1, 460
4, 852
1, 444
1, 671
4, 924
0, 64
0, 183
4, 844
1, 682
0, 356
4, 903
1, 682
1, 679
0, 64
4, 883
4, 817
4, 940
4, 1051
1, 644
0, 204
4, 867
4, 1072
0, 64
4, 881
0, 35
0, 247
0, 248
4, 888
0, 87
1, 479
4, 838
4, 987
4, 1200
4, 1053
4, 767
0, 239
0, 64
0, 220
0, 92
4, 1124
0, 64
0, 353
4, 894
4, 1126
0, 362
1, 481
4, 820
4, 877
1, 758
0, 204
4, 881
4, 803
4, 981
1, 552
1, 452
1, 1204
1, 472
4, 905
0, 64
1, 349
0, 239
1, 697
0, 640
4, 912
0, 235
0, 100
1, 465
4, 998
0, 694
0, 206
0, 285
0, 152
1, 458
1, 477
0, 64
0, 209
4, 879
4, 1036
4, 1462
0, 333
0, 157
1, 1147
0, 64
0, 236
0, 473
4, 1079
0, 64
1, 682
4, 889
0, 64
4, 1515
4, 931
4, 1027
4, 1540
0, 38
4, 914
4, 1305
1, 486
0, 41
4, 786
0, 231
4, 796
0, 216
0, 182
0, 64
4, 754
0, 64
1, 491
1, 487
4, 884
4, 965
1, 464
1, 497
0, 76
1, 456
1, 417
1, 465
4, 789
4, 836
4, 773
4, 1071
4, 1094
0, 64
1, 712
0, 240
4, 1003
1, 812
0, 276
0, 205
1, 730
4, 916
1, 462
4, 812
4, 1170
0, 162
4, 1273
0, 233
4, 959
1, 739
0, 81
4, 949
4, 955
1, 373
0, 173
0, 204
0, 102
0, 143
1, 490
1, 723
0, 64
1, 460
4, 1013
4, 812
1, 465
0, 64
0, 183
1, 657
0, 91
0, 204
0, 205
4, 813
4, 1078
0, 43
4, 743
1, 787
0, 64
0, 182
0, 235
0, 206
1, 499
4, 793
4, 829
0, 64
4, 882
1, 346
0, 37
1, 716
0, 268
4, 868
1, 478
1, 465
1, 606
0, 142
0, 64
1, 455
1, 738
4, 884
0, 249
4, 758
1, 1115
0, 208
0, 587
1, 454
4, 1302
4, 986
1, 471
1, 709
4, 1126
4, 769
1, 657
1, 496
0, 248
1, 651
0, 424
1, 683
1, 798
0, 47
1, 465
4, 908
4, 987
1, 508
0, 688
4, 826
4, 886
1, 360
0, 244
4, 831
0, 86
1, 758
4, 1035
5, 2085
4, 885
4, 791
0, 182
1, 609
0, 38
4, 967
4, 799
0, 183
4, 795
0, 191
1, 465
0, 202
0, 64
4, 767
1, 471
0, 235
1, 459
0, 241
1, 453
0, 182
0, 64
1, 459
0, 67
1, 487
0, 132
0, 118
0, 116
4, 838
4, 804
4, 824
4, 984
4, 910
1, 688
0, 64
4, 781
1, 608
1, 718
0, 64
4, 979
4, 1179
0, 64
1, 456
1, 463
0, 62
1, 462
4, 2067
4, 1057
0, 64
4, 854
0, 233
0, 75
4, 783
1, 455
0, 103
1, 721
0, 64
4, 1084
0, 231
1, 800
0, 242
0, 205
0, 64
4, 1247
0, 157
1, 509
1, 519
1, 373
0, 54
1, 442
4, 850
4, 818
1, 483
0, 64
4, 1008
4, 761
4, 802
1, 475
4, 901
0, 215
0, 254
0, 100
0, 64
4, 979
0, 329
4, 910
4, 987
0, 358
1, 983
1, 465
0, 35
0, 202
4, 1095
4, 912
4, 752
4, 885
4, 824
4, 1293
4, 874
0, 233
0, 112
1, 485
4, 1146
1, 442
1, 454
1, 442
4, 1143
4, 1075
4, 806
4, 1193
4, 1464
4, 1021
1, 456
0, 103
0, 256
0, 50
4, 911
0, 96
1, 417
4, 842
4, 770
0, 549
0, 64
4, 1291
0, 64
1, 770
0, 38
1, 684
4, 779
1, 457
0, 38
1, 475
4, 803
1, 375
0, 215
0, 183
1, 880
4, 843
1, 666
0, 238
4, 945
4, 927
4, 802
1, 733
4, 896
4, 899
4, 799
0, 246
0, 64
4, 943
1, 729
0, 247
0, 258
4, 769
0, 219
4, 1225
4, 992
4, 933
4, 904
4, 808
4, 837
4, 1281
1, 442
4, 892
0, 182
4, 952
0, 64
4, 826
1, 446
0, 194
0, 497
0, 64
4, 891
4, 1052
1, 443
4, 784
0, 37
4, 885
1, 454
4, 873
0, 178
1, 928
1, 676
1, 464
1, 700
0, 97
0, 236
0, 221
4, 1194
4, 777
0, 64
4, 1748
4, 1020
4, 777
0, 64
1, 682
4, 1001
4, 968
4, 1135
0, 155
0, 238
4, 1029
0, 205
0, 194
0, 246
4, 889
4, 845
1, 376
0, 216
0, 331
0, 270
1, 487
0, 238
0, 74
0, 217
0, 294
1, 490
0, 273
1, 727
4, 987
4, 851
1, 745
4, 780
1, 476
0, 83
4, 767
0, 206
0, 98
1, 731
4, 871
4, 1006
1, 465
0, 305
0, 40
4, 1445
0, 183
4, 742
4, 842
4, 901
0, 183
4, 860
1, 772
0, 81
1, 780
1, 771
0, 205
4, 1064
1, 373
0, 382
0, 64
0, 182
0, 311
1, 735
0, 64
4, 964
4, 1066
1, 465
4, 786
4, 763
4, 1076
1, 456
1, 443
0, 59
1, 464
1, 352
1, 682
1, 496
4, 1081
4, 770
4, 1387
4, 886
1, 403
0, 181
4, 1049
0, 64
0, 64
1, 438
4, 1031
0, 164
4, 931
4, 997
0, 280
1, 476
1, 745
4, 831
0, 238
1, 375
1, 420
0, 78
0, 64
1, 442
0, 66
1, 465
0, 183
1, 885
0, 261
0, 80
4, 859
1, 641
4, 819
0, 215
0, 64
4, 787
1, 854
0, 35
1, 716
0, 185
4, 789
1, 763
0, 110
0, 64
4, 814
4, 831
4, 2797
0, 64
1, 611
0, 35
4, 911
1, 474
1, 476
4, 971
0, 64
4, 1149
4, 996
0, 254
0, 239
4, 1303
0, 64
0, 219
1, 737
0, 64
1, 538
0, 233
4, 1058
0, 228
0, 143
0, 88
1, 462
0, 183
1, 443
0, 124
4, 777
4, 969
1, 472
1, 465
4, 908
4, 808
4, 839
1, 684
0, 204
4, 961
0, 64
1, 499
4, 987
4, 846
4, 1302
4, 939
1, 461
4, 1032
0, 182
4, 834
0, 119
0, 374
4, 1160
4, 934
1, 454
1, 474
1, 678
0, 150
0, 205
1, 454
0, 181
0, 140
4, 1021
1, 475
4, 834
4, 840
4, 875
1, 346
0, 172
1, 504
0, 620
0, 64
1, 661
0, 204
1, 461
0, 236
4, 834
4, 862
4, 998
0, 206
4, 944
4, 989
1, 458
0, 142
1, 465
1, 457
4, 846
0, 316
0, 38
4, 1317
1, 457
4, 939
1, 465
1, 683
0, 37
1, 477
1, 416
0, 64
4, 1046
0, 149
1, 744
0, 106
4, 957
1, 443
1, 417
0, 502
1, 463
0, 202
0, 64
4, 904
0, 273
0, 237
0, 64
4, 1809
0, 38
1, 685
1, 462
0, 248
0, 64
1, 607
0, 44
0, 205
4, 923
1, 478
4, 1162
4, 1370
4, 898
0, 183
4, 1238
1, 346
0, 285
0, 205
0, 153
1, 515
1, 465
4, 809
4, 772
1, 459
4, 763
0, 231
1, 456
4, 1004
4, 911
0, 304
0, 205
4, 779
0, 64
0, 204
1, 416
0, 104
0, 180
1, 476
0, 88
4, 878
1, 521
0, 255
1, 654
0, 479
0, 181
0, 239
4, 750
1, 689
4, 811
4, 765
0, 221
0, 246
0, 205
4, 1551
0, 395
4, 801
0, 279
0, 55
4, 1102
1, 748
4, 803
1, 465
0, 237
4, 780
1, 815
4, 788
4, 816
4, 793
0, 128
4, 910
0, 64
4, 809
4, 1011
0, 64
0, 235
0, 108
1, 460
4, 899
4, 937
0, 232
1, 766
0, 282
1, 486
0, 235
0, 64
0, 205
0, 64
4, 768
0, 217
4, 909
1, 643
4, 893
4, 916
1, 519
0, 183
0, 64
0, 220
4, 1071
1, 375
1, 694
4, 823
4, 798
1, 777
4, 793
0, 231
0, 236
4, 852
4, 838
4, 1049
4, 902
1, 790
0, 141
0, 372
0, 64
1, 737
1, 498
0, 336
0, 131
0, 331
1, 738
0, 100
4, 1228
4, 851
1, 686
4, 999
4, 814
4, 875
1, 692
4, 1019
1, 474
1, 443
1, 788
1, 465
4, 877
4, 954
1, 459
4, 770
4, 760
0, 211
4, 764
4, 947
1, 476
4, 992
0, 64
0, 214
0, 305
4, 1074
0, 134
4, 937
0, 236
4, 1276
1, 454
1, 446
0, 272
4, 818
1, 852
0, 265
0, 661
1, 469
4, 1252
4, 857
4, 829
4, 880
1, 503
0, 35
4, 841
4, 1016
0, 64
4, 831
4, 831
0, 183
4, 795
1, 715
0, 64
4, 964
1, 752
4, 750
1, 494
4, 775
4, 777
4, 833
1, 492
1, 458
1, 875
0, 197
0, 76
0, 240
4, 925
0, 391
4, 1282
4, 810
1, 688
1, 661
4, 871
1, 452
4, 801
1, 688
4, 1074
4, 807
4, 1048
0, 64
4, 784
1, 491
0, 191
4, 1047
4, 772
0, 64
4, 785
0, 183
1, 859
0, 167
4, 827
4, 859
0, 64
4, 1066
1, 464
4, 849
4, 834
4, 954
0, 64
0, 182
4, 832
1, 443
1, 442
4, 1082
0, 64
1, 699
0, 470
1, 464
1, 538
4, 1118
4, 803
0, 280
0, 129
4, 1003
4, 789
0, 218
0, 218
5, 3493
4, 1032
0, 170
4, 965
4, 830
4, 918
4, 880
0, 64
4, 1195
4, 872
4, 771
0, 220
4, 798
0, 213
0, 211
4, 980
0, 64
4, 769
4, 853
0, 183
0, 332
0, 205
0, 259
4, 911
1, 525
0, 64
4, 794
0, 94
1, 465
0, 291
0, 82
4, 1067
1, 775
1, 510
0, 237
4, 915
4, 747
4, 881
4, 933
4, 955
4, 826
4, 1168
4, 777
0, 64
1, 518
0, 196
4, 1052
4, 806
4, 1114
0, 64
4, 953
4, 766
4, 1056
0, 64
4, 907
4, 1526
0, 182
4, 832
4, 954
1, 783
4, 1082
0, 203
0, 237
4, 1000
1, 465
4, 791
4, 803
1, 691
4, 1039
0, 97
0, 64
1, 528
4, 993
4, 1372
0, 64
0, 214
0, 38
1, 456
0, 183
4, 1164
4, 918
4, 809
4, 936
4, 838
0, 213
0, 353
4, 880
1, 352
4, 936
1, 373
0, 38
4, 1230
4, 1063
1, 645
4, 1018
0, 64
1, 799
0, 95
0, 43
4, 908
4, 866
1, 420
0, 95
0, 191
1, 747
0, 205
4, 818
1, 778
0, 122
4, 1215
4, 864
4, 914
4, 939
4, 955
0, 183
0, 205
0, 243
4, 1246
1, 644
1, 439
1, 474
1, 473
1, 816
0, 64
4, 933
0, 183
1, 478
0, 336
4, 1128
1, 416
1, 382
0, 362
0, 236
4, 825
4, 1685
4, 771
1, 668
0, 136
0, 83
1, 465
0, 214
0, 144
1, 829
1, 465
4, 769
0, 206
4, 968
4, 936
1, 498
4, 780
0, 64
1, 558
0, 72
1, 502
1, 343
0, 37
1, 649
0, 237
1, 464
0, 64
4, 1231
0, 64
1, 458
4, 813
4, 1018
0, 64
0, 244
0, 246
1, 1009
0, 360
4, 902
4, 1047
0, 64
0, 214
4, 833
0, 55
4, 823
4, 992
0, 194
4, 948
4, 842
4, 911
0, 183
4, 916
4, 796
4, 887
4, 763
0, 205
4, 859
0, 276
4, 939
4, 1024
4, 964
4, 814
0, 35
0, 98
0, 236
4, 795
4, 1017
0, 35
4, 913
0, 182
0, 64
4, 785
4, 803
4, 874
4, 887
4, 940
4, 1105
1, 1018
4, 895
4, 769
4, 1223
1, 372
4, 884
1, 464
4, 1053
0, 64
4, 1006
0, 64
4, 876
4, 942
0, 64
4, 856
4, 828
0, 182
0, 35
0, 263
4, 898
1, 691
0, 219
1, 604
4, 912
1, 730
4, 961
1, 481
0, 64
4, 936
1, 442
0, 245
4, 939
0, 101
0, 98
1, 503
1, 468
0, 64
4, 794
4, 945
4, 766
0, 205
4, 888
1, 455
4, 772
1, 689
4, 1479
0, 64
4, 812
4, 879
4, 880
1, 474
1, 708
4, 1047
4, 809
1, 396
0, 255
4, 876
1, 694
4, 1097
4, 763
4, 829
4, 889
4, 788
4, 931
4, 945
4, 944
4, 962
0, 304
4, 749
0, 64
4, 909
1, 715
4, 825
4, 1016
4, 1046
0, 381
1, 543
0, 606
0, 271
4, 881
4, 882
1, 463
0, 237
4, 783
4, 1652
4, 1070
4, 832
4, 862
1, 464
0, 182
1, 491
1, 445
4, 903
0, 64
0, 183
1, 504
0, 95
1, 442
4, 983
4, 826
4, 961
4, 874
4, 876
4, 762
1, 470
0, 93
1, 465
1, 499
1, 464
4, 969
0, 255
4, 888
4, 919
0, 64
1, 513
1, 491
1, 778
0, 64
4, 753
0, 64
0, 64
1, 498
4, 840
0, 251
4, 934
1, 426
0, 37
4, 1024
1, 992
4, 847
4, 1350
0, 67
1, 686
1, 496
4, 1084
1, 486
4, 840
4, 958
0, 182
4, 765
4, 868
1, 458
4, 937
0, 64
1, 416
0, 226
0, 82
1, 773
0, 88
4, 910
1, 763
0, 64
4, 920
0, 35
1, 475
0, 38
4, 833
1, 749
0, 133
1, 465
0, 213
0, 377
0, 271
4, 985
4, 889
1, 521
4, 893
4, 1050
4, 886
0, 213
4, 874
1, 372
4, 1139
0, 124
4, 976
4, 843
1, 794
0, 276
1, 464
1, 442
0, 235
4, 890
0, 183
1, 751
0, 64
4, 818
4, 774
1, 471
4, 949
0, 333
4, 879
4, 1033
1, 406
0, 191
4, 888
1, 462
1, 443
4, 824
4, 1230
1, 372
4, 911
4, 1577
0, 220
0, 64
4, 892
4, 771
4, 944
4, 885
1, 701
0, 246
0, 353
4, 883
0, 182
4, 1049
4, 885
1, 683
0, 220
4, 777
0, 64
4, 762
1, 497
1, 502
4, 891
0, 183
4, 860
4, 827
1, 465
4, 834
4, 1102
0, 64
4, 855
0, 146
4, 889
1, 449
4, 811
4, 904
4, 824
4, 880
0, 277
4, 881
4, 891
1, 492
0, 381
4, 887
0, 182
0, 64
4, 759
0, 299
0, 237
1, 476
1, 686
4, 898
4, 869
4, 815
4, 1385
4, 1021
0, 304
1, 460
4, 857
4, 899
1, 442
4, 888
0, 182
1, 663
0, 35
4, 767
1, 460
1, 1154
0, 82
1, 503
4, 843
4, 821
0, 84
1, 465
0, 182
0, 205
1, 461
1, 755
0, 35
0, 35
4, 908
0, 273
4, 790
4, 897
4, 766
4, 1001
1, 473
1, 457
0, 213
1, 456
1, 686
0, 268
0, 64
4, 767
4, 988
1, 376
4, 839
4, 779
0, 64
1, 637
1, 947
1, 541
4, 912
4, 821
0, 64
0, 183
4, 886
1, 452
1, 372
0, 35
0, 64
1, 797
4, 1017
0, 182
4, 929
4, 788
1, 512
0, 64
4, 941
0, 215
4, 783
4, 914
1, 480
4, 947
1, 440
4, 890
4, 860
4, 760
4, 898
4, 899
4, 895
0, 64
4, 793
1, 373
0, 87
0, 268
0, 257
1, 552
0, 56
4, 894
4, 942
4, 938
0, 194
4, 935
4, 836
4, 893
1, 498
1, 485
4, 1629
4, 762
1, 461
1, 463
4, 1086
4, 867
4, 887
1, 475
4, 895
4, 1027
1, 442
1, 541
0, 106
0, 64
0, 194
4, 901
0, 64
0, 100
1, 465
4, 767
1, 437
1, 471
1, 620
1, 534
4, 1047
1, 822
0, 304
1, 496
4, 972
4, 771
0, 375
0, 64
1, 700
0, 35
4, 747
0, 376
0, 69
1, 701
0, 127
0, 35
4, 988
1, 464
0, 273
0, 35
1, 460
1, 442
0, 230
0, 205
1, 682
4, 883
4, 1571
1, 415
1, 465
1, 457
1, 691
4, 860
4, 881
4, 892
4, 806
4, 974
4, 834
0, 247
4, 943
4, 906
4, 885
4, 762
4, 936
1, 464
4, 957
4, 916
1, 792
0, 64
4, 900
4, 1279
0, 64
0, 273
1, 485
0, 103
4, 805
1, 459
4, 885
4, 895
4, 880
4, 788
1, 772
1, 481
1, 465
4, 890
0, 183
4, 897
4, 825
4, 933
4, 879
0, 183
0, 35
1, 922
0, 60
4, 760
4, 882
4, 892
1, 525
4, 816
4, 916
0, 182
0, 231
4, 900
0, 181
1, 449
1, 474
4, 847
4, 875
1, 476
1, 494
4, 884
1, 775
4, 881
1, 349
0, 98
4, 880
4, 881
1, 352
0, 233
1, 832
0, 77
4, 1183
0, 64
4, 910
0, 214
4, 897
4, 876
4, 897
4, 767
4, 765
0, 254
0, 266
0, 64
1, 464
4, 936
4, 908
1, 443
4, 772
1, 465
4, 903
0, 215
4, 888
4, 899
0, 252
0, 264
4, 882
1, 494
0, 235
0, 35
1, 800
0, 131
1, 465
4, 911
0, 199
4, 904
4, 901
1, 376
4, 885
4, 862
4, 893
0, 196
1, 477
4, 944
4, 901
4, 894
0, 215
1, 612
4, 879
1, 417
1, 466
1, 417
0, 236
1, 495
0, 64
4, 884
4, 873
1, 474
0, 214
4, 899
4, 783
0, 64
4, 763
1, 472
4, 897
4, 901
4, 890
4, 896
1, 705
1, 577
0, 136
4, 896
1, 456
4, 851
1, 678
4, 819
1, 685
0, 35
4, 754
0, 64
4, 828
1, 373
0, 35
4, 889
1, 462
4, 887
0, 203
1, 538
1, 479
4, 817
0, 207
4, 888
4, 905
0, 213
1, 642
0, 35
1, 484
1, 465
0, 254
4, 791
1, 578
1, 459
1, 494
4, 887
4, 767
1, 465
4, 885
1, 749
0, 35
0, 263
4, 764
4, 802
4, 897
4, 922
4, 893
4, 856
1, 474
4, 841
4, 934
1, 443
0, 213
0, 263
1, 485
0, 151
4, 945
0, 269
1, 460
1, 467
4, 772
1, 471
1, 499
4, 858
4, 772
0, 220
4, 884
0, 215
0, 35
4, 886
1, 343
0, 35
1, 558
0, 64
0, 322
4, 878
4, 896
1, 452
4, 880
1, 698
4, 828
1, 476
4, 815
0, 215
4, 888
4, 893
4, 902
1, 455
1, 444
4, 880
1, 343
0, 35
4, 891
0, 183
4, 892
4, 898
4, 934
0, 284
0, 76
4, 880
4, 912
4, 902
4, 883
4, 763
0, 245
0, 35
0, 244
5, 2751
1, 683
4, 889
1, 492
1, 379
4, 899
4, 897
4, 889
0, 181
1, 519
1, 464
0, 64
1, 542
0, 268
0, 64
4, 889
1, 736
4, 1021
4, 895
4, 816
4, 877
0, 182
1, 499
4, 858
4, 839
4, 894
4, 763
1, 452
4, 898
0, 280
4, 896
1, 457
4, 902
1, 743
4, 893
4, 1313
4, 907
4, 896
0, 178
0, 35
1, 460
0, 248
1, 376
0, 152
1, 468
0, 183
1, 520
4, 931
4, 1786
4, 948
4, 881
1, 544
1, 464
4, 888
4, 894
4, 903
4, 910
0, 183
1, 464
4, 813
4, 766
4, 900
4, 1308
4, 1349
4, 836
4, 880
4, 895
4, 900
4, 769
1, 633
1, 800
1, 810
0, 159
1, 479
1, 465
4, 770
1, 468
4, 790
1, 456
0, 235
4, 886
0, 183
1, 475
4, 860
4, 881
1, 689
4, 1321
0, 183
0, 64
1, 449
0, 183
4, 893
4, 768
4, 891
4, 907
1, 466
4, 765
4, 860
4, 899
4, 890
0, 182
4, 878
4, 849
4, 893
4, 875
4, 784
4, 880
0, 178
4, 890
4, 763
0, 248
1, 475
1, 417
4, 899
4, 897
1, 666
4, 746
1, 463
4, 834
0, 217
1, 782
4, 900
1, 479
4, 867
0, 213
4, 896
4, 899
4, 905
4, 885
1, 346
0, 35
4, 896
4, 901
4, 896
1, 443
4, 907
4, 900
4, 899
4, 936
0, 183
1, 478
4, 771
1, 474
4, 759
0, 64
4, 766
0, 64
4, 828
4, 892
0, 182
4, 822
1, 524
4, 899
4, 900
1, 456
0, 198
4, 895
1, 443
4, 872
4, 892
4, 901
4, 1637
4, 894
1, 455
4, 906
1, 755
4, 837
1, 526
4, 895
1, 374
4, 878
4, 903
4, 904
4, 934
4, 887
4, 846
4, 901
1, 442
4, 890
4, 833
4, 890
0, 304
4, 925
4, 888
4, 886
0, 182
0, 258
0, 262
4, 855
1, 416
0, 249
0, 146
4, 885
1, 418
4, 931
0, 183
4, 946
4, 886
1, 457
4, 895
0, 198
1, 719
0, 64
4, 897
4, 904
1, 641
4, 893
0, 203
0, 352
1, 465
4, 887
4, 891
4, 854
1, 417
0, 216
4, 892
4, 767
4, 900
4, 884
0, 183
4, 894
4, 771
0, 79
1, 748
0, 64
0, 219
0, 100
4, 880
4, 2120
4, 881
1, 806
0, 64
0, 183
1, 1159
4, 823
4, 908
4, 898
4, 1103
4, 894
4, 843
4, 904
4, 918
1, 414
4, 817
4, 767
4, 754
0, 64
4, 883
4, 888
4, 902
4, 826
4, 898
4, 1453
0, 64
4, 883
1, 406
0, 183
4, 818
4, 884
4, 894
4, 928
1, 914
0, 64
1, 525
4, 893
1, 500
4, 897
1, 748
4, 884
0, 183
4, 890
1, 785
0, 57
0, 64
4, 878
0, 358
1, 465
4, 763
4, 880
4, 822
4, 771
1, 683
1, 689
4, 832
1, 753
0, 64
4, 766
4, 900
1, 788
4, 895
1, 749
0, 64
4, 891
4, 877
1, 641
4, 887
4, 879
4, 892
1, 530
0, 188
0, 64
4, 817
4, 1310
0, 192
4, 894
4, 894
4, 899
4, 894
4, 883
4, 898
0, 213
4, 892
1, 765
0, 35
4, 898
4, 900
4, 887
4, 883
4, 896
4, 751
4, 1696
1, 483
4, 811
4, 891
4, 907
4, 889
4, 896
4, 762
4, 879
0, 194
4, 892
1, 373
0, 35
4, 887
1, 415
1, 447
4, 905
0, 273
0, 449
4, 927
4, 890
4, 901
4, 901
1, 475
4, 896
4, 923
4, 894
1, 474
4, 898
0, 183
1, 686
1, 498
4, 901
1, 641
0, 35
4, 890
0, 270
0, 35
4, 888
4, 895
1, 442
4, 891
4, 884
4, 807
4, 899
1, 747
1, 451
4, 773
4, 873
4, 897
1, 712
4, 826
1, 682
0, 64
0, 143
5, 1799
4, 892
4, 816
4, 897
4, 887
4, 886
4, 897
4, 891
4, 898
4, 877
4, 894
1, 443
4, 900
4, 889
4, 884
4, 810
0, 191
4, 903
4, 884
1, 343
0, 35
4, 887
0, 295
4, 821
4, 1340
4, 896
4, 908
1, 637
0, 35
4, 892
4, 897
1, 343
0, 35
1, 494
0, 244
4, 883
0, 183
4, 1156
0, 122
0, 64
4, 887
1, 455
1, 458
0, 89
1, 465
1, 414
4, 894
4, 894
1, 698
1, 461
0, 222
1, 483
4, 1420
4, 898
4, 1328
0, 243
1, 460
4, 836
1, 441
0, 278
1, 472
0, 248
4, 768
1, 461
4, 886
4, 768
1, 690
4, 879
4, 883
4, 899
4, 884
1, 456
1, 1076
0, 64
1, 688
4, 895
1, 525
4, 883
1, 454
4, 766
1, 709
0, 35
4, 922
1, 474
4, 891
1, 750
4, 900
1, 683
4, 1498
4, 909
4, 904
4, 884
1, 458
4, 885
4, 900
4, 884
0, 82
0, 74
0, 64
4, 841
4, 900
0, 99
0, 106
0, 127
4, 896
4, 891
1, 682
4, 877
1, 465
4, 892
4, 770
4, 890
4, 900
0, 266
0, 219
0, 35
1, 502
4, 898
1, 649
1, 465
4, 908
4, 885
1, 724
0, 64
4, 896
4, 923
1, 546
0, 248
1, 510
0, 151
4, 850
4, 770
0, 356
1, 682
4, 884
4, 886
4, 1709
4, 762
4, 1647
0, 174
4, 1035
4, 891
1, 455
4, 891
4, 895
4, 903
0, 332
0, 279
1, 821
4, 892
4, 838
4, 899
4, 771
1, 441
4, 893
4, 800
4, 893
1, 767
4, 882
4, 834
0, 182
0, 64
4, 889
1, 452
4, 826
1, 377
0, 133
4, 892
4, 827
0, 306
0, 195
4, 880
4, 884
4, 886
4, 892
4, 893
1, 442
4, 897
1, 657
4, 881
4, 828
4, 767
1, 460
4, 771
0, 277
0, 263
4, 892
4, 877
4, 893
4, 893
0, 216
4, 938
4, 885
1, 443
4, 897
4, 898
4, 893
1, 474
0, 271
0, 64
4, 886
4, 885
0, 332
0, 246
0, 365
1, 465
1, 718
1, 462
4, 897
4, 893
1, 474
4, 893
4, 885
4, 1084
0, 35
1, 450
1, 443
1, 349
4, 763
4, 894
4, 891
1, 798
0, 64
4, 897
4, 891
4, 891
4, 892
4, 1158
0, 35
1, 457
4, 889
4, 891
1, 457
0, 183
1, 656
4, 887
1, 801
0, 170
1, 454
0, 183
4, 893
4, 891
0, 243
4, 818
4, 1853
4, 805
4, 830
4, 762
0, 37
0, 35
1, 465
0, 273
4, 881
1, 442
4, 888
0, 203
4, 884
1, 373
0, 35
0, 97
4, 883
0, 182
4, 886
1, 446
1, 442
0, 182
1, 495
1, 442
4, 893
4, 892
1, 455
4, 892
4, 888
4, 888
1, 523
4, 868
4, 890
4, 897
4, 886
4, 899
4, 887
1, 494
4, 891
4, 861
0, 203
1, 528
1, 750
4, 885
4, 901
4, 897
4, 890
4, 887
4, 891
1, 443
0, 183
4, 884
4, 892
1, 694
4, 888
1, 441
1, 349
4, 880
4, 883
4, 882
4, 889
0, 304
1, 478
4, 892
0, 395
0, 67
4, 893
1, 440
1, 685
0, 37
4, 878
4, 891
4, 893
0, 212
1, 456
4, 891
4, 922
4, 891
4, 901
1, 441
0, 245
4, 893
4, 893
4, 893
1, 418
4, 894
1, 349
4, 883
1, 478
1, 499
4, 889
4, 816
1, 750
4, 896
0, 203
1, 449
4, 896
4, 884
4, 890
1, 406
4, 940
4, 887
4, 893
4, 763
0, 213
1, 465
4, 890
1, 507
1, 442
4, 891
0, 247
4, 887
1, 491
4, 820
4, 892
1, 455
1, 626
4, 890
1, 418
4, 895
0, 250
1, 725
0, 280
0, 64
4, 878
0, 214
4, 881
1, 779
0, 35
4, 890
4, 891
0, 178
1, 760
4, 750
4, 886
1, 442
1, 443
0, 215
1, 464
4, 880
4, 893
0, 183
1, 465
25, 2176
1, 654
1, 522
1, 502
4, 893
0, 214
4, 892
0, 203
1, 463
4, 893
4, 891
1, 456
4, 891
4, 895
4, 887
4, 1258
4, 828
4, 892
0, 194
4, 896
1, 442
4, 889
4, 1824
4, 825
0, 247
4, 892
4, 880
1, 442
1, 490
4, 886
4, 890
4, 893
4, 894
0, 244
4, 875
1, 820
1, 465
4, 890
4, 892
4, 891
0, 214
0, 64
0, 220
1, 478
4, 1324
1, 466
0, 365
1, 465
4, 885
1, 474
4, 891
4, 891
0, 244
4, 887
4, 909
4, 890
4, 891
1, 452
0, 35
4, 758
4, 880
4, 892
1, 452
0, 64
0, 244
4, 885
0, 244
4, 897
4, 890
4, 895
4, 889
4, 891
1, 442
4, 896
1, 490
1, 464
4, 889
0, 183
0, 35
1, 726
4, 887
4, 886
4, 794
1, 815
1, 465
4, 890
4, 1719
4, 754
4, 886
4, 890
4, 890
1, 623
0, 156
4, 765
0, 220
0, 229
4, 880
4, 891
4, 882
1, 343
0, 35
0, 205
1, 965
0, 35
4, 892
4, 890
4, 889
1, 463
1, 713
0, 35
4, 887
4, 883
1, 442
4, 892
4, 860
1, 416
4, 900
4, 879
0, 183
4, 890
4, 802
4, 890
4, 890
4, 766
4, 888
0, 214
4, 877
4, 890
4, 891
0, 182
1, 391
4, 891
4, 890
4, 754
0, 64
4, 895
0, 182
1, 504
4, 886
4, 1828
1, 665
0, 331
4, 884
4, 894
4, 891
4, 881
4, 891
1, 566
1, 487
4, 884
4, 1255
0, 107
1, 465
1, 442
0, 215
1, 464
1, 499
0, 214
4, 877
4, 891
0, 214
4, 796
4, 883
4, 877
4, 892
0, 183
1, 495
1, 465
1, 1034
4, 880
1, 447
4, 890
4, 891
0, 214
4, 884
0, 214
4, 883
4, 826
1, 458
4, 768
0, 244
1, 454
0, 183
4, 887
0, 213
0, 64
4, 888
0, 183
0, 64
0, 98
4, 880
4, 892
0, 214
4, 886
4, 891
0, 342
4, 883
1, 373
0, 35
4, 897
4, 885
0, 183
1, 460
1, 734
0, 506
4, 883
1, 452
4, 879
4, 883
0, 182
0, 377
4, 2525
0, 64
4, 802
4, 886
1, 373
0, 383
4, 884
1, 673
1, 474
4, 766
4, 884
4, 886
4, 2027
4, 895
4, 891
4, 890
4, 891
0, 183
0, 358
4, 897
4, 891
4, 891
4, 891
1, 660
0, 90
0, 80
1, 465
4, 790
4, 826
1, 443
0, 183
4, 884
1, 465
0, 64
4, 891
4, 883
4, 892
1, 458
4, 891
4, 891
4, 891
4, 886
4, 886
1, 454
4, 887
1, 453
0, 215
4, 1020
4, 891
4, 895
4, 894
4, 885
4, 886
1, 634
1, 475
1, 454
1, 443
4, 893
1, 442
0, 183
1, 757
4, 942
4, 891
4, 890
1, 702
0, 35
1, 465
4, 891
4, 841
4, 888
1, 725
0, 35
4, 884
4, 1180
0, 341
4, 887
4, 883
4, 884
1, 456
4, 883
4, 891
0, 304
4, 884
4, 891
4, 890
4, 893
4, 891
4, 901
4, 884
4, 883
0, 369
0, 35
4, 887
4, 883
4, 891
4, 891
4, 893
0, 231
4, 884
0, 182
4, 884
1, 759
1, 769
4, 1308
4, 891
4, 891
0, 181
4, 883
1, 343
0, 35
4, 892
1, 417
1, 444
4, 883
0, 283
1, 500
4, 886
1, 464
4, 891
4, 891
1, 525
0, 227
1, 463
4, 1309
1, 376
4, 885
4, 891
1, 501
1, 689
1, 440
1, 690
4, 883
4, 895
1, 417
4, 764
1, 548
1, 465
4, 884
1, 675
0, 103
1, 476
4, 887
4, 876
4, 893
4, 880
1, 696
4, 883
1, 830
4, 809
4, 925
1, 666
4, 881
1, 736
0, 64
1, 522
0, 35
4, 886
4, 898
1, 476
4, 893
0, 182
0, 98
4, 880
4, 883
4, 891
4, 891
4, 890
0, 183
4, 890
4, 908
4, 891
1, 420
4, 890
4, 1051
4, 763
4, 879
1, 805
0, 149
4, 880
4, 889
1, 346
0, 35
1, 1024
0, 35
0, 351
4, 880
4, 891
1, 346
0, 35
4, 884
4, 892
0, 183
4, 883
4, 891
4, 891
1, 473
0, 183
1, 460
1, 456
4, 891
1, 698
1, 440
4, 890
4, 765
4, 883
4, 800
0, 196
4, 890
4, 891
0, 196
1, 563
1, 740
0, 64
0, 98
4, 883
0, 183
4, 1304
0, 85
4, 891
4, 761
0, 106
4, 883
1, 665
25, 1725
4, 883
1, 490
1, 462
0, 183
0, 341
4, 884
1, 458
4, 891
1, 406
1, 443
4, 891
1, 446
0, 64
0, 182
4, 886
1, 476
4, 887
4, 891
4, 878
0, 183
0, 221
4, 883
4, 891
4, 878
4, 883
4, 891
4, 887
4, 895
4, 891
1, 773
0, 360
1, 501
4, 891
4, 896
4, 889
1, 458
0, 183
1, 463
0, 248
4, 883
4, 888
0, 213
1, 987
0, 35
4, 886
4, 804
4, 880
1, 683
4, 883
0, 183
1, 769
0, 271
0, 64
4, 889
4, 878
0, 194
1, 492
4, 886
4, 894
1, 441
4, 890
4, 887
1, 819
0, 35
4, 887
4, 883
0, 182
0, 64
4, 886
1, 418
0, 258
0, 35
4, 884
4, 892
4, 891
0, 181
4, 884
1, 525
4, 887
0, 273
0, 64
0, 261
4, 893
4, 891
4, 891
4, 891
4, 936
4, 883
4, 826
0, 183
4, 883
4, 886
1, 656
1, 464
4, 891
1, 376
4, 887
0, 194
1, 441
0, 304
4, 754
1, 860
0, 256
4, 854
1, 452
0, 213
4, 883
4, 894
4, 891
4, 889
4, 883
4, 890
0, 35
4, 887
4, 891
1, 747
0, 64
4, 888
1, 452
1, 715
4, 883
4, 891
4, 886
4, 891
4, 1049
4, 886
0, 213
4, 883
1, 417
4, 891
0, 183
4, 894
4, 891
4, 883
4, 884
4, 891
1, 738
1, 476
1, 480
0, 150
4, 880
0, 244
1, 449
4, 894
4, 891
1, 476
4, 880
4, 890
0, 182
4, 884
4, 884
4, 883
1, 463
1, 420
4, 888
4, 892
1, 454
4, 888
1, 463
1, 468
4, 887
4, 1709
0, 64
0, 182
1, 789
1, 457
1, 352
4, 883
4, 896
4, 891
4, 892
4, 884
4, 891
0, 214
0, 64
4, 883
4, 887
4, 891
0, 239
0, 35
1, 736
4, 879
4, 891
1, 780
0, 237
1, 974
0, 35
4, 886
4, 888
4, 749
4, 883
1, 456
0, 178
0, 422
0, 88
4, 885
4, 886
4, 896
1, 464
0, 214
4, 886
0, 266
0, 125
4, 887
4, 882
1, 456
1, 476
0, 192
4, 883
0, 182
1, 459
4, 928
4, 887
4, 891
1, 476
4, 755
0, 64
4, 893
4, 892
0, 178
0, 64
1, 691
4, 885
4, 892
0, 183
4, 878
1, 441
0, 82
1, 459
4, 837
4, 880
1, 373
0, 35
4, 890
4, 890
4, 899
4, 888
4, 886
1, 675
1, 808
0, 35
4, 886
4, 888
1, 373
0, 64
1, 494
4, 886
4, 813
4, 889
4, 892
4, 891
4, 923
1, 443
1, 731
4, 1099
4, 891
0, 182
1, 442
4, 891
4, 891
4, 890
4, 892
4, 831
1, 416
4, 883
4, 890
0, 183
1, 493
0, 332
4, 886
4, 913
4, 892
4, 886
4, 891
4, 886
4, 881
4, 1073
4, 1682
0, 64
1, 625
4, 1313
0, 183
1, 690
4, 883
4, 885
1, 441
4, 886
4, 891
4, 891
4, 1171
4, 897
4, 816
4, 885
4, 890
0, 182
4, 885
4, 889
4, 892
4, 879
1, 455
4, 891
1, 375
1, 490
1, 634
0, 35
0, 106
4, 887
1, 836
0, 35
4, 900
4, 891
0, 257
4, 890
1, 685
4, 879
4, 891
1, 725
0, 64
0, 220
1, 690
1, 941
0, 35
1, 807
0, 182
4, 892
1, 452
1, 457
1, 493
4, 886
1, 445
4, 887
4, 892
0, 194
4, 884
1, 676
4, 889
1, 459
0, 189
0, 79
4, 883
4, 891
4, 888
1, 416
1, 689
1, 472
4, 1049
4, 891
0, 182
4, 885
0, 213
1, 485
4, 1344
0, 64
1, 456
1, 533
4, 889
0, 214
0, 264
0, 35
1, 456
1, 475
4, 886
1, 416
0, 157
0, 257
1, 495
4, 885
4, 891
4, 891
4, 886
4, 891
1, 714
4, 883
4, 879
1, 698
4, 891
4, 890
0, 35
4, 886
1, 539
4, 885
1, 442
4, 888
0, 420
0, 96
0, 246
4, 883
1, 683
4, 886
1, 450
4, 892
1, 476
1, 443
1, 732
4, 884
1, 776
0, 64
4, 889
1, 866
0, 35
1, 465
4, 892
4, 892
1, 488
1, 682
1, 765
4, 883
4, 891
4, 890
1, 550
0, 115
4, 883
4, 889
0, 249
4, 886
4, 889
4, 891
0, 182
1, 451
4, 881
4, 891
1, 464
0, 280
4, 884
0, 384
1, 465
4, 891
1, 722
0, 684
1, 468
1, 416
0, 197
0, 64
4, 889
4, 899
4, 893
4, 895
4, 891
1, 464
4, 891
4, 891
4, 886
1, 343
0, 35
1, 465
4, 890
4, 889
1, 515
1, 684
4, 883
1, 459
1, 463
4, 891
4, 883
0, 213
1, 460
4, 891
4, 891
4, 811
4, 891
0, 182
1, 490
0, 64
4, 891
1, 418
4, 887
0, 214
4, 886
1, 456
0, 244
4, 883
0, 213
4, 891
0, 306
0, 64
4, 892
4, 840
0, 215
4, 882
4, 898
4, 892
4, 889
1, 442
1, 759
1, 796
0, 183
1, 449
0, 213
4, 883
4, 890
1, 390
4, 887
1, 452
4, 883
4, 891
0, 213
1, 454
4, 887
1, 461
4, 887
4, 890
4, 890
1, 477
4, 895
0, 64
4, 895
1, 475
4, 891
1, 687
0, 248
1, 441
0, 35
1, 462
0, 257
4, 757
4, 880
0, 183
4, 883
4, 904
1, 463
1, 784
0, 138
4, 1147
0, 194
1, 500
4, 886
4, 891
1, 442
4, 889
0, 203
4, 883
1, 456
0, 35
4, 1716
0, 64
4, 886
4, 886
1, 781
0, 35
1, 456
1, 376
1, 468
1, 416
1, 502
1, 442
4, 877
1, 453
4, 890
4, 1068
1, 443
0, 183
0, 219
4, 886
4, 891
1, 452
4, 889
4, 891
1, 418
0, 235
4, 887
1, 346
0, 35
4, 884
4, 891
4, 895
4, 891
0, 213
1, 495
4, 878
4, 891
4, 891
4, 896
4, 885
4, 814
4, 890
4, 890
4, 860
4, 891
1, 811
4, 918
4, 891
1, 443
4, 891
4, 894
1, 416
4, 878
4, 891
1, 463
4, 891
4, 887
1, 681
4, 898
1, 474
4, 894
4, 894
0, 183
4, 883
4, 836
4, 885
1, 752
0, 64
4, 946
1, 934
1, 465
4, 890
4, 891
4, 892
4, 888
4, 886
0, 64
1, 911
1, 493
1, 375
4, 887
1, 949
0, 35
4, 886
0, 182
0, 98
0, 64
4, 883
1, 442
4, 886
1, 441
0, 82
4, 887
0, 146
1, 413
0, 35
4, 922
0, 182
4, 934
4, 891
1, 378
4, 887
4, 891
4, 894
4, 891
4, 891
4, 898
1, 456
4, 889
4, 897
4, 891
4, 887
4, 1189
4, 760
4, 884
4, 883
0, 178
1, 724
4, 883
4, 891
0, 183
4, 890
4, 887
1, 378
0, 248
4, 883
0, 203
4, 885
4, 891
0, 183
4, 893
1, 418
0, 236
4, 884
0, 183
1, 461
0, 183
4, 884
0, 309
0, 64
4, 878
4, 892
4, 804
0, 202
0, 219
0, 219
4, 885
0, 183
0, 35
4, 886
1, 536
0, 35
4, 886
1, 475
4, 857
4, 770
4, 886
4, 893
0, 183
1, 518
1, 477
4, 887
4, 895
4, 891
4, 884
0, 182
4, 884
4, 897
0, 183
0, 84
1, 639
0, 35
1, 474
0, 203
1, 475
1, 493
4, 889
4, 891
4, 879
0, 64
4, 891
0, 182
1, 824
0, 213
4, 885
4, 886
1, 378
1, 611
0, 104
4, 887
4, 892
4, 893
4, 888
4, 892
4, 891
4, 892
4, 891
4, 852
4, 891
4, 889
1, 443
4, 887
1, 456
4, 892
4, 879
4, 888
4, 894
0, 35
4, 888
4, 891
4, 891
4, 891
4, 886
4, 922
4, 886
4, 891
0, 181
4, 887
4, 885
4, 895
0, 183
1, 455
4, 889
4, 763
1, 514
4, 859
0, 309
0, 64
4, 883
4, 840
4, 890
0, 181
1, 680
4, 884
4, 757
0, 64
4, 948
1, 459
0, 244
0, 98
4, 898
4, 891
4, 889
4, 893
4, 891
4, 837
1, 443
1, 503
0, 313
1, 457
0, 35
4, 886
1, 748
0, 64
0, 387
0, 258
1, 464
1, 417
4, 859
1, 410
0, 35
0, 164
4, 884
4, 766
4, 876
1, 490
4, 895
1, 456
4, 891
4, 890
1, 443
1, 498
4, 886
4, 891
0, 214
1, 560
4, 888
4, 887
4, 890
1, 352
4, 886
4, 888
4, 902
1, 456
4, 898
0, 178
0, 254
4, 890
4, 881
4, 766
0, 310
4, 884
1, 524
1, 526
1, 726
4, 887
4, 890
1, 343
0, 35
1, 508
0, 182
4, 883
1, 476
1, 465
4, 892
4, 891
4, 885
0, 203
0, 35
4, 887
4, 891
1, 494
4, 887
4, 767
4, 893
4, 889
4, 891
0, 35
4, 894
4, 891
0, 181
1, 511
4, 887
0, 183
0, 263
1, 414
0, 35
0, 191
4, 884
1, 503
4, 891
4, 891
1, 456
4, 853
1, 682
4, 894
4, 889
1, 860
0, 62
1, 754
0, 64
4, 884
1, 343
0, 35
4, 887
4, 892
0, 182
4, 887
4, 890
4, 891
0, 277
4, 884
4, 1172
1, 477
4, 933
1, 346
0, 35
4, 884
4, 886
1, 441
1, 463
1, 494
4, 887
0, 182
1, 463
4, 892
4, 897
1, 685
4, 915
1, 693
4, 892
4, 891
4, 892
1, 420
4, 887
1, 574
0, 64
4, 890
4, 887
1, 463
1, 343
0, 35
4, 884
4, 891
0, 183
0, 331
1, 679
4, 883
4, 895
1, 457
0, 214
4, 884
0, 182
4, 886
4, 890
4, 886
4, 886
4, 891
1, 442
4, 890
4, 891
1, 453
4, 891
0, 182
1, 464
4, 887
0, 183
4, 883
0, 183
4, 887
4, 890
0, 262
1, 459
4, 891
4, 892
4, 892
0, 231
0, 264
0, 79
0, 220
1, 698
0, 64
4, 889
4, 1107
4, 883
0, 183
1, 465
4, 891
4, 887
1, 442
0, 183
4, 884
4, 890
4, 793
0, 181
4, 886
4, 891
1, 695
1, 480
0, 67
4, 884
0, 64
4, 891
1, 455
1, 377
4, 887
4, 890
0, 244
1, 495
4, 888
4, 909
1, 443
0, 183
1, 459
1, 415
4, 888
0, 78
1, 755
0, 64
4, 883
0, 215
0, 64
1, 681
0, 64
4, 883
1, 691
4, 884
0, 64
4, 894
0, 214
1, 518
4, 887
4, 1441
4, 884
4, 891
4, 886
1, 414
4, 890
4, 891
4, 795
4, 889
0, 258
1, 751
0, 64
4, 883
1, 463
1, 446
4, 941
4, 885
0, 386
1, 762
4, 894
4, 896
4, 857
1, 443
0, 182
1, 464
1, 414
4, 897
1, 764
4, 884
4, 891
4, 877
4, 896
1, 456
1, 499
1, 777
0, 195
1, 471
4, 891
1, 906
0, 35
4, 886
4, 887
0, 64
0, 35
0, 250
4, 1329
4, 806
4, 883
0, 214
1, 493
4, 888
0, 214
4, 878
0, 423
0, 180
1, 690
1, 460
0, 435
0, 64
1, 474
4, 882
0, 194
1, 491
1, 464
4, 890
0, 183
0, 299
0, 64
4, 791
4, 886
4, 867
1, 373
0, 35
0, 221
0, 347
0, 79
1, 732
1, 464
4, 892
0, 318
0, 64
4, 900
1, 378
4, 887
4, 886
1, 605
0, 99
4, 885
4, 892
4, 891
4, 881
1, 764
4, 887
4, 891
4, 884
1, 818
0, 137
0, 35
4, 886
1, 457
0, 256
0, 37
1, 455
4, 1225
1, 689
1, 517
4, 886
0, 182
0, 203
0, 79
4, 884
1, 705
0, 64
4, 884
1, 698
4, 881
4, 1306
4, 762
0, 266
1, 459
1, 705
0, 38
4, 884
0, 215
4, 887
1, 864
1, 454
0, 83
4, 892
4, 826
1, 475
4, 918
1, 969
1, 492
4, 886
4, 892
4, 887
1, 705
0, 35
1, 719
0, 35
4, 886
4, 815
1, 498
0, 182
1, 465
4, 892
0, 64
0, 334
1, 474
4, 888
4, 891
1, 457
0, 182
0, 123
4, 886
4, 891
4, 898
0, 231
4, 883
4, 891
1, 418
4, 890
4, 892
1, 727
0, 104
4, 919
1, 775
1, 481
4, 891
4, 825
4, 891
0, 182
1, 449
4, 891
4, 889
1, 707
1, 499
1, 800
1, 463
1, 477
0, 183
4, 884
1, 418
4, 883
1, 715
1, 488
4, 890
1, 696
0, 203
0, 277
1, 662
4, 888
4, 886
4, 887
1, 441
1, 443
1, 501
4, 891
4, 891
4, 893
1, 376
4, 887
4, 885
4, 896
4, 887
4, 909
4, 891
4, 914
4, 895
1, 518
4, 882
4, 893
1, 373
0, 35
4, 886
1, 419
0, 143
1, 471
4, 891
4, 881
4, 890
4, 891
0, 214
4, 885
1, 698
1, 597
4, 888
4, 887
0, 182
4, 888
4, 891
4, 923
4, 890
4, 885
1, 463
4, 893
0, 183
4, 884
4, 898
0, 215
1, 494
4, 883
1, 453
4, 898
1, 441
4, 891
4, 891
4, 891
4, 893
1, 441
4, 893
0, 182
4, 884
4, 887
1, 698
1, 463
0, 178
4, 887
4, 887
1, 343
0, 35
1, 464
4, 892
4, 889
1, 442
4, 763
4, 885
0, 214
4, 884
4, 883
4, 881
4, 891
4, 887
1, 430
4, 883
0, 182
4, 884
4, 891
4, 891
4, 963
4, 891
1, 705
0, 79
0, 220
4, 884
4, 891
0, 246
4, 883
4, 889
0, 247
1, 463
0, 183
4, 883
0, 257
1, 456
4, 1937
0, 64
4, 890
4, 893
4, 887
4, 880
0, 203
0, 143
1, 554
0, 66
1, 480
4, 887
4, 882
4, 891
0, 332
4, 886
4, 894
4, 887
4, 885
4, 884
4, 891
4, 1707
0, 64
1, 683
4, 892
4, 887
0, 244
4, 886
4, 892
0, 247
4, 883
4, 887
4, 893
1, 420
4, 890
1, 550
0, 35
0, 244
1, 372
4, 886
4, 886
4, 889
4, 892
4, 891
4, 791
1, 443
1, 764
0, 64
4, 883
4, 885
0, 250
1, 463
1, 503
0, 203
4, 883
1, 417
4, 887
4, 885
4, 889
1, 525
0, 197
0, 64
4, 884
0, 182
4, 884
1, 420
4, 886
0, 273
1, 460
1, 346
0, 35
4, 884
4, 887
4, 883
0, 213
4, 888
1, 455
4, 890
0, 203
4, 885
4, 891
4, 846
0, 183
4, 885
1, 452
4, 884
4, 885
4, 899
4, 882
4, 891
4, 836
4, 883
4, 889
4, 891
4, 753
0, 64
4, 883
4, 813
4, 891
1, 689
0, 209
0, 64
4, 1450
4, 886
4, 891
4, 891
4, 882
4, 890
4, 891
4, 878
4, 889
1, 376
4, 834
0, 553
0, 35
4, 886
1, 443
4, 887
4, 895
1, 685
4, 883
1, 468
1, 751
0, 64
4, 883
1, 756
4, 884
0, 314
1, 684
1, 532
0, 64
4, 891
1, 772
0, 231
4, 887
4, 891
4, 891
4, 891
4, 890
4, 886
0, 244
4, 883
4, 897
4, 901
1, 525
4, 885
4, 882
4, 899
1, 464
4, 891
1, 417
1, 444
4, 879
0, 89
0, 252
4, 889
0, 182
1, 465
1, 692
1, 844
0, 109
4, 900
4, 887
1, 498
0, 247
0, 219
4, 885
4, 896
1, 475
0, 183
4, 885
4, 891
1, 532
0, 64
1, 443
1, 452
4, 891
4, 891
1, 376
1, 513
4, 763
1, 733
0, 64
4, 1044
4, 891
1, 377
4, 887
0, 214
4, 892
4, 1192
4, 898
1, 346
1, 438
4, 896
4, 1477
4, 787
4, 887
4, 890
1, 704
0, 35
4, 884
1, 458
1, 479
4, 887
0, 446
4, 890
4, 892
4, 884
0, 35
4, 886
0, 181
4, 883
4, 1087
0, 82
4, 1378
1, 684
1, 494
1, 476
0, 245
4, 827
1, 464
4, 885
1, 457
1, 406
1, 441
4, 891
1, 443
1, 476
4, 889
0, 178
1, 464
1, 479
1, 738
0, 230
4, 883
4, 884
4, 890
0, 213
4, 884
4, 809
4, 884
1, 525
0, 222
1, 725
4, 925
4, 892
4, 890
0, 35
0, 79
0, 80
1, 466
1, 490
4, 886
4, 883
4, 879
4, 890
4, 894
4, 884
4, 891
0, 181
4, 883
4, 841
1, 689
1, 463
4, 889
4, 883
1, 691
0, 262
4, 883
4, 891
1, 945
4, 898
4, 888
4, 891
4, 886
4, 890
4, 887
4, 891
1, 379
0, 35
4, 888
4, 891
1, 705
0, 35
1, 603
0, 35
0, 263
0, 191
1, 476
4, 887
4, 766
1, 491
4, 892
0, 244
1, 461
4, 891
4, 891
4, 761
4, 901
4, 895
4, 891
0, 183
4, 883
4, 892
4, 891
4, 890
4, 888
4, 891
0, 183
0, 82
1, 864
0, 35
4, 886
1, 442
1, 443
4, 924
1, 372
0, 35
4, 886
4, 901
4, 891
4, 891
4, 890
4, 889
4, 885
4, 891
0, 213
4, 884
0, 193
4, 889
1, 346
0, 35
1, 478
4, 890
4, 891
1, 442
0, 35
0, 332
4, 883
4, 889
4, 887
0, 194
4, 884
1, 699
0, 64
0, 64
4, 894
4, 884
4, 891
4, 892
0, 183
4, 887
1, 349
4, 939
1, 378
4, 887
4, 881
0, 233
4, 886
4, 888
0, 214
4, 888
4, 891
4, 889
0, 194
1, 955
4, 1871
1, 692
4, 887
1, 760
4, 887
4, 891
0, 64
4, 891
1, 728
4, 882
0, 182
4, 874
1, 934
0, 35
4, 886
4, 891
4, 888
1, 458
1, 444
0, 182
4, 883
1, 473
4, 883
0, 248
4, 883
0, 238
1, 500
1, 912
1, 476
4, 813
4, 768
0, 265
4, 883
4, 894
4, 883
1, 456
1, 457
4, 846
1, 974
4, 825
0, 181
1, 750
4, 905
4, 891
0, 217
1, 572
1, 694
4, 895
4, 891
0, 182
4, 883
1, 415
1, 694
4, 885
1, 442
1, 443
1, 456
4, 891
0, 183
4, 883
4, 1171
0, 84
4, 884
0, 178
4, 883
4, 891
1, 725
1, 476
4, 887
0, 183
1, 717
0, 64
4, 883
4, 894
4, 891
4, 891
4, 891
4, 890
4, 890
4, 887
0, 233
0, 35
4, 896
1, 420
4, 889
4, 891
4, 885
4, 892
1, 346
0, 35
4, 914
4, 890
0, 183
4, 883
4, 893
1, 445
1, 773
0, 35
1, 454
4, 884
4, 889
4, 891
4, 888
4, 891
4, 891
4, 883
4, 883
4, 890
4, 889
0, 182
1, 490
4, 883
4, 891
1, 443
4, 891
0, 194
4, 884
4, 891
1, 463
1, 443
4, 891
1, 418
4, 886
1, 525
1, 460
1, 463
4, 829
4, 891
4, 885
4, 891
4, 887
1, 751
0, 64
0, 143
0, 221
1, 471
0, 35
1, 685
4, 887
4, 891
4, 905
4, 891
4, 763
4, 883
4, 879
4, 1163
4, 891
1, 503
1, 521
4, 887
4, 925
4, 817
4, 887
1, 468
1, 459
1, 503
1, 417
4, 895
4, 890
4, 891
0, 214
0, 38
4, 884
4, 889
4, 881
4, 1319
4, 888
1, 346
0, 35
1, 465
4, 893
4, 890
1, 441
0, 66
1, 992
4, 886
4, 892
4, 888
1, 456
4, 893
1, 763
0, 271
1, 652
0, 80
1, 480
0, 273
0, 64
1, 730
0, 64
4, 893
4, 887
4, 891
4, 883
4, 891
0, 64
4, 884
1, 559
0, 179
1, 485
0, 182
0, 219
4, 883
4, 891
1, 452
0, 194
1, 684
4, 889
1, 466
4, 891
0, 182
4, 887
4, 889
4, 891
0, 117
1, 477
1, 784
4, 884
1, 454
4, 891
1, 453
0, 183
1, 495
1, 683
4, 884
0, 203
4, 1662
4, 886
4, 837
4, 882
4, 887
0, 183
1, 766
1, 506
4, 761
1, 477
1, 464
4, 892
4, 848
0, 251
1, 460
1, 462
1, 656
0, 79
4, 1049
4, 888
4, 885
1, 442
4, 885
1, 420
1, 453
4, 891
4, 891
4, 891
4, 899
4, 1050
4, 892
0, 273
0, 213
4, 888
4, 881
0, 183
4, 907
4, 891
4, 889
4, 891
4, 881
1, 343
0, 35
0, 101
4, 940
1, 441
0, 247
4, 883
1, 417
0, 217
4, 1116
0, 64
0, 194
1, 461
4, 886
4, 890
4, 883
4, 892
4, 883
1, 719
1, 498
0, 35
1, 502
4, 908
1, 414
4, 1137
1, 724
4, 884
0, 183
4, 885
0, 183
0, 83
4, 885
1, 456
4, 890
4, 891
1, 463
4, 893
0, 183
1, 496
0, 182
4, 882
4, 891
4, 891
4, 886
0, 320
1, 467
1, 463
1, 498
4, 891
4, 886
1, 406
4, 892
4, 898
4, 885
1, 685
0, 220
4, 890
4, 891
4, 888
4, 890
1, 418
0, 101
4, 817
4, 891
4, 888
1, 451
4, 888
0, 100
4, 887
4, 890
0, 35
4, 896
4, 890
1, 795
4, 891
1, 457
0, 35
0, 227
0, 223
4, 884
0, 328
4, 883
4, 891
4, 891
4, 889
0, 182
1, 462
0, 183
0, 219
4, 891
0, 35
4, 895
4, 897
4, 904
4, 895
4, 897
4, 892
4, 889
1, 442
0, 183
4, 883
0, 182
4, 879
4, 1629
4, 886
4, 1858
0, 64
4, 826
4, 886
4, 803
1, 778
0, 244
4, 886
4, 884
1, 478
0, 35
1, 452
0, 257
1, 759
0, 35
4, 886
4, 893
4, 888
1, 442
4, 891
0, 186
0, 35
1, 781
4, 884
4, 885
0, 183
1, 683
0, 274
1, 463
4, 897
4, 965
0, 270
4, 884
1, 343
0, 35
4, 884
4, 886
1, 494
0, 262
1, 459
4, 887
1, 346
0, 35
4, 884
4, 891
4, 892
4, 891
1, 676
4, 901
0, 194
1, 450
0, 183
4, 886
0, 183
0, 246
0, 98
0, 283
1, 460
0, 183
4, 884
4, 891
1, 457
4, 900
4, 891
4, 891
4, 890
0, 214
4, 883
4, 885
0, 248
4, 883
4, 892
0, 208
4, 884
4, 843
4, 883
4, 891
4, 891
4, 893
4, 886
4, 891
1, 443
4, 890
4, 891
4, 887
4, 891
4, 892
4, 884
1, 456
0, 109
0, 101
0, 35
1, 803
4, 886
4, 891
0, 183
4, 884
1, 638
0, 35
1, 519
1, 502
1, 702
4, 886
1, 453
4, 887
1, 464
1, 474
4, 887
4, 891
4, 890
0, 263
1, 464
4, 891
4, 891
4, 1160
4, 887
4, 891
1, 912
0, 35
4, 886
1, 443
4, 891
4, 859
4, 891
4, 830
4, 891
4, 883
4, 891
4, 878
4, 892
4, 891
1, 417
4, 892
4, 895
4, 841
4, 881
4, 895
1, 470
0, 35
4, 886
1, 378
4, 887
1, 514
4, 891
4, 889
4, 889
1, 456
4, 891
4, 881
1, 654
4, 887
4, 891
4, 885
1, 441
1, 456
1, 481
4, 886
0, 214
4, 899
0, 214
4, 915
4, 891
4, 887
4, 891
0, 257
1, 464
4, 888
4, 878
1, 454
1, 458
4, 887
4, 885
0, 235
0, 231
1, 518
1, 464
4, 891
0, 278
4, 884
4, 891
4, 886
4, 885
1, 459
4, 891
1, 443
4, 874
4, 880
4, 767
4, 884
4, 892
1, 499
0, 257
4, 887
0, 215
1, 471
4, 887
1, 418
4, 887
4, 891
1, 376
1, 461
4, 886
1, 373
0, 35
0, 230
4, 883
4, 886
1, 424
0, 35
4, 883
0, 236
4, 886
0, 35
4, 888
4, 890
1, 350
4, 883
4, 891
4, 883
4, 891
4, 895
0, 182
4, 885
0, 183
0, 35
1, 457
0, 202
4, 883
4, 891
4, 1320
0, 64
4, 896
1, 343
0, 41
0, 83
0, 248
1, 755
4, 887
1, 476
1, 419
0, 256
4, 883
1, 414
4, 887
4, 893
1, 443
4, 886
4, 886
0, 215
1, 529
4, 886
4, 891
0, 182
0, 213
4, 883
0, 182
0, 83
4, 891
4, 887
1, 414
0, 153
1, 953
0, 35
4, 886
1, 346
0, 35
4, 884
4, 908
4, 882
1, 446
4, 891
4, 885
4, 891
1, 414
4, 887
0, 304
1, 500
0, 183
4, 884
4, 891
4, 883
4, 890
4, 890
4, 891
1, 464
1, 338
4, 892
4, 766
0, 359
0, 201
4, 883
4, 910
4, 891
4, 1257
0, 155
0, 231
1, 440
1, 523
0, 222
1, 455
4, 892
4, 887
4, 891
0, 183
4, 884
0, 183
0, 220
4, 883
0, 244
4, 884
4, 881
0, 182
0, 265
4, 883
4, 889
4, 891
4, 901
4, 763
4, 884
4, 881
4, 893
1, 464
4, 891
1, 463
4, 891
4, 884
4, 889
4, 891
0, 257
4, 883
4, 1146
4, 897
1, 420
1, 504
1, 476
4, 887
1, 705
0, 35
4, 884
0, 183
4, 1556
0, 332
4, 887
4, 881
1, 373
0, 35
4, 897
4, 1117
0, 64
1, 502
0, 222
0, 103
0, 341
0, 35
4, 884
0, 214
4, 892
4, 1383
0, 183
4, 884
4, 886
4, 891
0, 182
4, 884
1, 417
1, 499
4, 886
1, 493
4, 886
4, 826
4, 892
1, 753
4, 892
4, 889
4, 790
4, 891
4, 891
4, 885
1, 783
4, 811
0, 35
1, 847
0, 273
0, 35
4, 885
1, 476
4, 884
4, 894
1, 442
4, 891
4, 890
4, 893
0, 35
4, 883
4, 895
1, 476
0, 192
4, 883
1, 414
4, 887
4, 891
4, 891
1, 443
1, 418
4, 884
4, 889
0, 214
1, 449
4, 885
1, 477
4, 899
1, 456
1, 443
4, 891
4, 891
1, 464
0, 35
4, 887
0, 214
4, 883
1, 825
0, 272
1, 450
0, 304
1, 495
1, 443
4, 883
4, 891
4, 884
0, 247
4, 874
4, 897
4, 891
0, 273
4, 884
4, 838
1, 458
4, 894
4, 894
4, 891
1, 687
4, 883
0, 244
4, 886
4, 891
1, 481
4, 883
4, 911
4, 815
4, 904
4, 893
4, 880
4, 890
4, 891
1, 703
0, 35
1, 692
1, 755
0, 35
1, 822
0, 35
4, 887
1, 442
0, 181
0, 79
1, 801
0, 106
1, 545
0, 256
4, 884
4, 883
1, 443
0, 35
0, 196
0, 35
1, 438
0, 35
4, 886
4, 890
4, 874
0, 183
1, 474
4, 889
1, 749
0, 64
4, 809
4, 892
4, 1413
1, 582
4, 887
4, 889
4, 900
1, 960
4, 884
4, 891
4, 841
4, 888
1, 470
0, 233
4, 887
4, 892
1, 492
4, 886
1, 458
0, 183
4, 884
4, 886
1, 442
4, 885
4, 891
4, 891
1, 525
4, 885
1, 544
0, 228
0, 236
4, 886
4, 889
4, 896
1, 351
4, 887
0, 92
0, 230
1, 519
1, 921
0, 35
4, 886
0, 214
1, 483
4, 891
1, 416
4, 890
4, 887
1, 406
0, 214
4, 884
4, 890
0, 197
4, 882
1, 688
4, 886
1, 441
4, 768
1, 531
0, 64
1, 491
1, 464
4, 891
1, 377
0, 35
0, 257
4, 886
4, 863
0, 354
4, 884
1, 747
0, 64
4, 883
1, 420
4, 894
4, 889
4, 891
4, 891
4, 881
4, 882
0, 182
1, 683
4, 883
4, 891
4, 858
4, 890
1, 490
1, 657
4, 883
1, 442
4, 888
4, 880
0, 183
0, 247
0, 246
0, 219
4, 883
4, 891
4, 890
4, 879
1, 452
0, 181
4, 885
4, 885
1, 443
4, 891
0, 178
0, 90
4, 883
4, 890
4, 891
1, 779
4, 883
0, 182
4, 886
1, 685
1, 464
1, 743
0, 35
1, 500
4, 890
4, 831
1, 443
1, 1131
0, 35
1, 464
1, 500
1, 697
0, 35
0, 356
1, 471
0, 182
1, 689
4, 883
4, 1775
0, 129
0, 243
0, 220
1, 449
1, 838
0, 223
0, 35
4, 884
1, 494
4, 885
0, 108
4, 889
4, 892
1, 442
0, 183
1, 456
1, 428
0, 35
1, 502
4, 891
1, 538
0, 64
0, 183
4, 891
1, 443
4, 891
0, 245
1, 442
4, 890
4, 1038
4, 821
0, 183
4, 884
1, 419
4, 888
4, 878
0, 258
4, 883
0, 182
4, 884
4, 887
1, 443
1, 420
4, 888
1, 443
1, 442
4, 1001
0, 214
1, 476
4, 891
0, 235
4, 884
1, 443
1, 420
0, 260
4, 883
4, 892
4, 886
1, 517
4, 894
1, 531
4, 889
4, 884
0, 183
1, 456
4, 891
0, 183
4, 885
4, 891
1, 415
4, 1120
4, 1469
0, 64
1, 493
1, 479
4, 1275
0, 64
4, 883
4, 882
4, 880
1, 446
0, 215
4, 883
4, 881
4, 898
4, 887
4, 885
4, 904
0, 221
4, 884
0, 183
1, 644
0, 35
1, 477
4, 887
4, 881
4, 890
1, 456
0, 183
1, 464
4, 887
1, 495
4, 1119
0, 248
4, 883
4, 891
4, 889
1, 378
4, 878
1, 505
4, 892
1, 456
1, 493
4, 886
0, 182
1, 866
4, 884
1, 443
4, 889
0, 299
4, 884
4, 891
4, 889
0, 183
4, 883
4, 884
4, 884
1, 503
1, 458
4, 896
4, 884
0, 182
4, 886
4, 892
0, 213
1, 442
4, 884
4, 894
4, 891
0, 316
4, 887
4, 880
4, 887
4, 884
0, 183
4, 884
4, 878
4, 891
1, 463
4, 894
4, 891
4, 889
0, 35
4, 886
0, 182
0, 64
4, 891
4, 895
0, 183
4, 883
4, 825
4, 891
4, 891
1, 551
4, 887
1, 456
4, 887
0, 89
4, 837
4, 891
0, 182
4, 883
1, 455
0, 101
4, 882
4, 905
4, 891
4, 891
4, 894
1, 745
1, 881
4, 884
4, 892
4, 891
4, 891
4, 891
4, 896
1, 456
1, 507
4, 892
4, 878
1, 418
4, 887
4, 891
4, 891
1, 493
4, 884
0, 183
4, 764
4, 883
1, 751
0, 64
1, 710
1, 499
0, 194
0, 243
4, 883
4, 885
0, 96
4, 884
4, 881
4, 891
1, 464
4, 910
4, 900
1, 478
1, 376
1, 498
4, 880
4, 889
0, 183
1, 449
4, 892
1, 373
0, 35
4, 886
1, 493
4, 886
4, 893
1, 352
4, 901
4, 891
4, 886
1, 469
0, 178
4, 883
4, 891
0, 244
4, 886
0, 215
1, 737
0, 35
1, 778
0, 219
1, 545
1, 768
0, 35
4, 893
1, 446
4, 1805
0, 256
4, 883
4, 898
4, 891
4, 894
4, 890
4, 887
4, 891
0, 182
1, 712
1, 504
4, 883
4, 887
4, 891
4, 891
1, 414
1, 440
0, 214
4, 814
4, 894
1, 545
0, 256
4, 883
0, 35
1, 710
1, 690
0, 220
4, 884
1, 455
1, 502
4, 886
4, 894
4, 889
0, 64
1, 443
4, 892
4, 891
4, 841
0, 35
4, 889
4, 891
4, 921
0, 182
4, 885
0, 215
4, 883
0, 35
1, 502
4, 887
1, 370
0, 35
1, 452
1, 457
4, 892
4, 890
4, 891
1, 744
0, 35
1, 455
1, 885
0, 247
1, 707
4, 885
1, 456
1, 813
0, 64
4, 908
1, 861
1, 504
4, 891
0, 64
4, 906
4, 883
1, 456
1, 346
0, 38
4, 887
4, 885
4, 892
4, 892
4, 887
4, 893
4, 891
4, 891
4, 891
4, 889
1, 497
4, 895
0, 183
4, 883
1, 470
0, 35
0, 247
4, 886
1, 406
0, 35
4, 894
4, 891
4, 891
4, 894
4, 897
1, 499
0, 297
0, 64
4, 883
4, 891
4, 762
1, 465
4, 891
0, 183
4, 883
4, 1059
4, 892
4, 888
1, 373
0, 35
4, 886
4, 891
1, 343
4, 887
4, 890
4, 884
4, 877
4, 889
4, 907
0, 183
4, 883
4, 766
4, 893
4, 891
4, 891
1, 494
1, 478
4, 888
4, 900
1, 948
1, 737
0, 264
0, 266
1, 496
4, 887
4, 889
4, 897
4, 890
0, 259
0, 258
0, 79
4, 884
4, 885
4, 891
4, 891
4, 889
4, 892
4, 891
1, 377
4, 892
1, 683
0, 385
4, 892
0, 183
4, 887
0, 183
1, 496
1, 478
4, 889
1, 748
4, 884
1, 343
0, 35
1, 465
0, 262
1, 749
0, 64
4, 881
0, 304
1, 1483
4, 884
1, 343
0, 35
1, 665
1, 463
0, 182
0, 265
4, 883
4, 890
1, 441
4, 858
1, 496
4, 880
4, 878
0, 183
0, 86
4, 885
1, 446
4, 886
4, 894
4, 890
0, 215
4, 889
4, 898
0, 182
4, 883
0, 131
0, 64
4, 890
4, 893
4, 890
0, 123
4, 803
0, 266
4, 885
4, 896
4, 887
1, 462
4, 890
1, 452
1, 692
4, 885
4, 891
4, 890
1, 683
4, 884
0, 437
0, 145
0, 116
1, 455
1, 373
0, 35
4, 887
4, 891
4, 886
4, 886
4, 891
4, 841
4, 877
1, 441
4, 892
1, 449
1, 693
4, 885
4, 892
1, 493
4, 1056
0, 304
1, 555
1, 349
4, 885
1, 443
4, 892
1, 443
1, 872
0, 35
0, 262
4, 883
4, 892
4, 885
4, 814
4, 887
1, 443
1, 497
0, 35
4, 886
1, 523
1, 748
0, 64
4, 855
4, 887
1, 463
4, 883
1, 473
1, 498
4, 890
1, 474
4, 891
1, 472
4, 890
1, 417
4, 818
4, 891
4, 895
4, 891
4, 890
1, 859
0, 35
4, 889
1, 373
0, 35
4, 889
1, 443
4, 886
1, 922
0, 35
4, 888
4, 891
1, 499
1, 452
1, 416
0, 256
4, 883
1, 672
0, 245
4, 879
1, 503
1, 454
4, 1163
0, 183
4, 884
4, 890
4, 878
1, 683
4, 883
4, 896
1, 668
4, 886
4, 892
1, 452
4, 893
4, 891
1, 456
0, 194
4, 884
4, 889
0, 183
1, 463
0, 213
4, 881
4, 886
4, 891
1, 503
4, 891
4, 836
4, 1200
4, 800
0, 332
4, 883
0, 182
4, 886
4, 891
1, 466
1, 420
4, 887
0, 182
0, 66
4, 907
4, 877
4, 878
4, 1820
4, 885
1, 454
4, 887
1, 456
4, 881
4, 893
0, 267
1, 450
1, 376
4, 887
1, 420
4, 889
0, 182
4, 885
1, 1074
0, 245
4, 883
4, 901
1, 866
0, 35
4, 888
1, 783
4, 886
1, 539
0, 101
1, 502
1, 474
4, 889
4, 894
0, 183
4, 883
4, 880
4, 891
0, 183
1, 464
1, 592
4, 884
1, 503
4, 894
4, 1404
0, 64
0, 183
4, 883
1, 457
4, 762
1, 457
0, 35
4, 886
4, 891
0, 35
1, 442
1, 442
4, 886
4, 889
4, 891
4, 891
4, 908
4, 897
4, 891
1, 420
4, 887
0, 183
4, 883
1, 479
1, 486
4, 892
4, 891
1, 418
1, 686
1, 496
4, 886
1, 503
4, 888
4, 883
4, 848
1, 716
0, 79
0, 251
0, 35
4, 886
4, 886
1, 441
4, 886
4, 892
4, 885
0, 214
4, 883
4, 891
4, 889
4, 892
4, 887
0, 310
1, 493
4, 886
1, 463
1, 442
4, 886
4, 892
4, 891
4, 762
4, 882
4, 893
0, 214
4, 901
4, 891
4, 892
4, 885
4, 887
4, 897
4, 891
4, 1049
4, 890
4, 890
4, 888
4, 894
4, 893
4, 891
4, 885
4, 896
1, 453
4, 890
0, 183
0, 219
1, 524
0, 191
4, 883
1, 504
4, 890
4, 891
0, 183
4, 885
0, 183
4, 881
4, 915
0, 304
0, 263
4, 884
1, 343
0, 38
4, 884
0, 213
4, 883
4, 891
1, 832
4, 883
1, 351
4, 880
4, 890
4, 884
4, 890
4, 890
0, 207
0, 120
0, 35
0, 38
4, 884
1, 441
4, 883
4, 890
4, 890
4, 902
4, 890
4, 890
4, 886
1, 456
4, 890
4, 890
4, 823
0, 273
4, 908
4, 890
4, 888
4, 889
4, 883
1, 420
1, 790
0, 35
4, 887
1, 441
1, 458
1, 508
0, 102
0, 233
4, 883
4, 889
4, 891
1, 406
1, 414
4, 892
4, 891
0, 247
4, 901
0, 214
4, 891
4, 897
1, 416
0, 248
1, 909
0, 219
4, 884
4, 891
1, 442
4, 891
4, 882
0, 215
4, 892
4, 896
4, 886
0, 183
4, 883
1, 442
4, 899
4, 893
1, 417
4, 893
4, 817
4, 809
4, 884
4, 1013
1, 470
4, 891
4, 892
1, 372
4, 881
0, 183
1, 683
4, 883
4, 891
4, 891
4, 837
1, 443
4, 886
1, 372
0, 35
0, 255
4, 886
4, 891
0, 278
1, 461
4, 887
4, 795
4, 887
4, 908
4, 886
4, 876
4, 919
4, 881
4, 894
4, 891
0, 183
1, 459
4, 891
4, 891
4, 889
1, 376
1, 379
4, 888
1, 457
0, 183
4, 886
0, 183
4, 883
1, 503
1, 471
4, 890
4, 889
4, 893
1, 662
4, 888
4, 913
4, 883
4, 891
1, 442
1, 376
4, 891
4, 899
4, 887
1, 654
1, 484
0, 332
1, 490
4, 885
4, 880
4, 890
4, 875
4, 887
0, 336
4, 884
1, 804
0, 64
4, 888
4, 1815
0, 64
1, 454
0, 203
1, 535
4, 888
4, 891
4, 890
4, 891
0, 183
4, 883
4, 892
4, 886
4, 892
4, 892
4, 886
1, 464
4, 802
4, 886
4, 891
4, 891
4, 895
4, 893
1, 494
1, 479
4, 888
1, 519
1, 476
4, 905
4, 885
4, 890
4, 879
1, 503
0, 244
0, 246
4, 883
0, 183
4, 885
4, 890
4, 921
4, 891
1, 473
0, 35
0, 247
4, 896
0, 64
1, 376
1, 478
4, 889
1, 420
0, 64
4, 894
4, 885
1, 474
4, 891
1, 349
4, 917
4, 895
4, 887
1, 446
4, 883
4, 891
0, 215
4, 883
4, 766
0, 144
4, 883
1, 506
4, 891
1, 442
25, 1395
4, 886
1, 346
0, 35
4, 884
1, 456
4, 890
4, 891
4, 884
1, 455
0, 194
4, 886
1, 446
4, 892
4, 892
4, 891
1, 446
4, 1307
0, 181
0, 67
4, 885
4, 891
1, 346
0, 35
0, 101
1, 477
4, 887
1, 730
4, 885
4, 888
4, 901
4, 886
1, 441
1, 754
4, 891
0, 304
1, 694
1, 465
4, 891
4, 883
4, 892
0, 411
0, 183
0, 219
4, 852
0, 213
1, 462
4, 905
4, 882
1, 495
1, 456
4, 899
4, 893
4, 892
4, 891
4, 891
4, 891
1, 526
4, 891
4, 891
1, 510
4, 884
4, 904
4, 883
4, 895
0, 182
4, 963
4, 891
4, 842
4, 883
0, 64
4, 884
4, 895
4, 882
0, 213
4, 888
0, 214
4, 756
4, 891
4, 891
0, 35
4, 891
0, 183
4, 887
0, 183
4, 1892
4, 887
1, 452
1, 527
4, 887
4, 888
4, 891
0, 183
0, 80
1, 550
0, 35
4, 889
4, 884
1, 521
1, 694
4, 883
1, 382
0, 35
4, 884
4, 894
4, 894
4, 891
4, 891
4, 894
4, 906
4, 901
0, 203
4, 893
1, 416
4, 887
0, 182
4, 881
1, 417
0, 101
1, 465
4, 891
4, 891
1, 476
4, 897
0, 303
0, 64
4, 874
4, 887
1, 535
4, 890
4, 883
4, 891
0, 183
4, 893
4, 899
0, 183
4, 885
4, 826
0, 64
4, 891
4, 891
4, 1792
0, 64
4, 887
4, 884
1, 442
4, 887
1, 680
0, 64
4, 891
4, 890
4, 891
4, 892
1, 457
4, 891
4, 891
4, 892
4, 1135
0, 181
4, 883
1, 525
0, 217
4, 883
4, 891
4, 889
1, 443
0, 182
1, 522
1, 443
1, 406
4, 891
4, 1242
1, 527
4, 883
4, 892
1, 923
0, 35
4, 886
0, 203
0, 64
0, 79
1, 546
0, 64
4, 891
1, 469
4, 885
4, 888
4, 891
4, 895
4, 891
1, 548
4, 887
1, 515
1, 707
4, 883
4, 891
4, 1772
0, 64
1, 406
4, 763
4, 879
4, 823
4, 883
1, 378
4, 887
4, 901
0, 178
0, 219
4, 883
4, 917
0, 182
1, 459
1, 352
0, 220
0, 213
4, 883
4, 1288
0, 253
4, 883
1, 418
0, 248
1, 451
4, 884
1, 442
1, 456
4, 890
1, 441
4, 955
1, 463
4, 879
1, 691
4, 883
4, 891
1, 474
4, 896
4, 883
1, 459
4, 889
0, 182
4, 901
0, 231
0, 240
4, 891
0, 183
4, 760
4, 885
4, 890
4, 892
4, 891
0, 248
4, 890
4, 891
0, 670
4, 887
4, 891
4, 885
4, 883
1, 415
4, 888
1, 346
0, 35
4, 885
0, 182
4, 883
4, 893
1, 416
4, 886
1, 441
1, 443
1, 443
1, 441
0, 216
4, 884
1, 352
1, 443
1, 733
4, 884
1, 476
0, 86
1, 410
0, 35
1, 478
0, 192
4, 883
4, 889
4, 891
4, 881
4, 884
0, 304
4, 884
4, 888
4, 883
4, 892
1, 455
4, 891
1, 443
4, 883
4, 891
1, 446
4, 901
4, 1087
1, 414
1, 499
0, 235
4, 882
4, 898
4, 899
0, 178
4, 884
4, 891
4, 888
4, 891
4, 897
4, 894
4, 763
0, 231
1, 460
0, 183
4, 883
1, 442
1, 476
4, 888
4, 887
4, 892
0, 226
4, 1116
0, 100
4, 886
4, 896
4, 884
4, 890
1, 441
4, 886
4, 891
4, 907
4, 891
4, 894
4, 891
1, 476
1, 442
1, 414
4, 887
1, 378
0, 245
4, 884
4, 891
4, 894
0, 181
4, 883
1, 525
0, 215
4, 885
1, 442
1, 351
1, 683
4, 886
4, 901
4, 898
0, 305
4, 884
1, 452
4, 889
4, 891
4, 888
4, 891
4, 894
4, 890
0, 214
4, 883
0, 248
4, 883
4, 891
1, 375
4, 883
4, 891
4, 831
4, 878
0, 104
0, 327
0, 79
1, 477
1, 477
4, 887
1, 442
4, 890
1, 711
0, 35
4, 884
4, 891
1, 443
4, 891
4, 891
1, 475
1, 490
4, 888
4, 890
4, 889
4, 885
1, 655
4, 880
4, 891
1, 474
4, 891
0, 35
4, 886
1, 494
1, 462
1, 442
1, 346
0, 35
4, 884
4, 874
4, 890
4, 776
0, 64
4, 814
4, 889
4, 892
4, 888
4, 888
4, 892
4, 890
0, 178
1, 684
4, 890
4, 899
1, 456
4, 891
4, 897
0, 183
4, 884
4, 881
4, 885
4, 857
4, 891
4, 914
4, 895
1, 416
4, 895
4, 901
4, 887
4, 892
1, 420
0, 64
0, 64
4, 893
4, 895
1, 476
4, 887
1, 428
0, 84
4, 887
0, 64
4, 892
1, 443
0, 181
1, 703
0, 35
4, 886
0, 214
4, 883
4, 891
4, 902
4, 892
0, 183
4, 886
1, 430
0, 35
4, 887
0, 279
1, 496
4, 903
4, 891
4, 885
0, 87
1, 460
0, 304
1, 465
1, 443
0, 197
4, 906
4, 883
0, 183
4, 884
4, 891
4, 889
1, 494
4, 886
4, 878
1, 483
4, 884
4, 894
0, 300
0, 35
4, 884
4, 900
1, 475
4, 894
4, 891
4, 896
0, 214
4, 885
0, 265
0, 314
4, 887
1, 500
4, 893
4, 886
4, 908
1, 509
4, 1119
1, 465
0, 183
4, 884
1, 676
4, 884
4, 891
4, 882
0, 64
4, 836
1, 373
0, 35
1, 776
1, 472
0, 194
0, 220
4, 883
4, 887
0, 183
4, 883
4, 891
4, 891
4, 1118
4, 886
1, 457
0, 388
0, 35
4, 888
1, 477
0, 217
4, 876
0, 273
4, 884
1, 418
1, 539
4, 800
4, 886
4, 895
1, 466
4, 901
0, 182
4, 964
1, 490
1, 478
4, 887
0, 485
4, 903
1, 834
4, 753
4, 884
1, 493
4, 890
4, 891
4, 882
1, 504
4, 886
0, 181
1, 464
1, 414
4, 887
1, 372
0, 35
4, 886
4, 891
4, 891
1, 460
4, 886
4, 890
4, 891
4, 763
1, 470
0, 182
4, 878
4, 889
1, 452
1, 416
4, 887
0, 247
4, 886
4, 883
4, 882
4, 891
1, 691
4, 883
4, 891
4, 899
0, 213
1, 372
4, 885
4, 810
1, 695
4, 883
1, 456
4, 891
1, 518
4, 887
4, 796
1, 479
0, 183
4, 884
1, 343
0, 35
4, 763
1, 516
1, 712
0, 79
0, 37
4, 886
4, 890
4, 889
4, 895
4, 889
0, 304
4, 879
1, 454
1, 458
0, 304
4, 886
1, 507
4, 888
0, 182
4, 885
0, 215
4, 884
4, 894
4, 888
4, 891
4, 891
4, 898
1, 473
4, 887
4, 903
4, 891
4, 890
4, 890
1, 442
0, 194
4, 888
4, 890
4, 891
1, 678
4, 886
1, 459
1, 406
4, 891
4, 888
4, 891
4, 891
4, 898
1, 455
4, 863
4, 883
4, 883
4, 1311
4, 889
0, 214
0, 218
4, 880
4, 883
1, 441
4, 900
4, 1189
4, 883
4, 891
4, 761
1, 830
1, 450
0, 35
4, 886
4, 883
4, 891
4, 874
4, 891
4, 891
4, 888
4, 883
4, 900
0, 232
1, 750
0, 35
4, 876
1, 703
0, 35
0, 67
4, 884
4, 885
4, 889
4, 891
1, 418
4, 887
4, 891
1, 698
1, 518
4, 812
4, 880
4, 894
4, 894
4, 892
4, 891
4, 891
0, 183
4, 886
0, 193
4, 893
4, 883
0, 182
0, 359
0, 64
0, 178
1, 440
4, 914
4, 931
4, 878
4, 892
1, 663
4, 883
0, 183
4, 888
4, 890
1, 685
4, 890
4, 884
4, 887
1, 798
1, 732
1, 478
0, 342
0, 255
4, 887
1, 378
1, 477
0, 368
0, 364
1, 491
4, 890
4, 889
4, 889
1, 443
4, 891
1, 453
0, 35
4, 883
1, 463
4, 891
1, 916
0, 35
4, 901
4, 897
1, 531
0, 64
4, 890
0, 194
4, 812
1, 443
4, 1394
1, 502
4, 887
1, 456
0, 414
1, 380
1, 458
1, 474
4, 887
0, 64
0, 182
4, 883
4, 886
1, 476
4, 889
0, 192
0, 271
0, 83
0, 245
4, 820
1, 456
0, 182
4, 883
1, 445
4, 898
1, 499
1, 493
4, 887
4, 890
4, 891
4, 888
0, 304
4, 884
1, 453
4, 971
4, 1138
4, 885
4, 887
4, 890
1, 454
4, 889
4, 894
4, 889
0, 183
0, 98
1, 477
0, 35
1, 498
4, 886
4, 884
4, 892
4, 892
4, 894
4, 894
1, 503
4, 888
4, 897
1, 375
4, 803
4, 886
4, 891
1, 500
4, 891
4, 891
0, 183
4, 893
1, 456
4, 1674
1, 439
4, 891
4, 888
4, 884
4, 891
0, 183
1, 684
0, 79
0, 231
1, 488
1, 691
4, 884
4, 884
4, 883
4, 889
1, 475
1, 490
0, 35
4, 886
4, 891
1, 467
0, 215
4, 890
4, 887
4, 891
1, 452
4, 887
4, 886
4, 882
0, 182
4, 884
0, 183
4, 885
4, 891
4, 886
1, 476
4, 896
4, 884
4, 882
4, 891
1, 494
4, 886
4, 1783
0, 64
4, 890
4, 893
0, 214
0, 87
4, 884
4, 891
4, 891
4, 749
1, 463
0, 194
4, 884
0, 214
4, 883
1, 676
1, 832
0, 221
1, 456
4, 901
1, 453
0, 181
4, 883
4, 891
1, 416
4, 887
4, 893
0, 304
4, 882
4, 892
4, 891
4, 933
4, 891
4, 890
1, 456
1, 700
1, 469
1, 464
4, 883
4, 892
1, 455
4, 891
4, 878
0, 262
4, 892
4, 919
4, 893
1, 475
0, 273
4, 886
4, 896
0, 182
4, 893
0, 182
0, 35
1, 494
4, 899
1, 456
4, 895
1, 517
4, 893
0, 78
4, 886
0, 35
1, 628
4, 886
4, 891
0, 128
0, 383
4, 890
0, 178
4, 883
4, 893
4, 891
1, 766
0, 79
4, 898
4, 890
4, 762
1, 516
1, 659
0, 35
1, 882
4, 884
4, 899
4, 891
4, 889
4, 892
1, 442
4, 890
0, 273
4, 883
4, 762
4, 886
4, 891
4, 887
1, 376
0, 217
4, 883
4, 892
0, 183
4, 884
0, 257
4, 884
4, 840
4, 887
1, 343
0, 35
4, 884
4, 887
1, 456
0, 273
4, 883
1, 781
1, 776
4, 886
4, 891
4, 887
4, 1780
0, 35
4, 888
4, 1810
4, 887
1, 454
4, 889
1, 454
1, 475
0, 149
4, 884
1, 608
0, 35
1, 500
4, 884
1, 706
0, 219
1, 438
0, 35
0, 295
0, 79
4, 884
1, 456
4, 887
4, 893
4, 892
4, 890
4, 891
1, 653
0, 64
1, 461
0, 182
0, 219
0, 236
4, 887
0, 149
1, 691
1, 463
4, 891
4, 887
4, 859
4, 888
1, 403
4, 885
1, 473
4, 877
4, 891
4, 862
4, 883
4, 889
4, 891
1, 416
4, 964
1, 490
0, 221
4, 883
1, 502
4, 886
1, 503
4, 883
4, 890
0, 178
4, 895
1, 446
4, 889
1, 416
4, 887
0, 183
1, 451
1, 520
0, 153
1, 676
1, 471
0, 64
0, 181
4, 883
4, 1235
4, 886
4, 926
1, 389
4, 887
0, 214
4, 1074
4, 886
4, 889
4, 891
1, 343
0, 35
4, 884
4, 894
1, 420
1, 504
0, 248
1, 375
0, 67
1, 751
4, 884
4, 885
1, 695
1, 443
0, 35
1, 462
4, 880
1, 376
4, 880
1, 343
0, 35
0, 244
4, 897
0, 203
4, 884
1, 417
1, 736
4, 886
4, 883
4, 893
4, 888
0, 183
4, 883
4, 887
1, 352
4, 897
4, 889
0, 182
1, 493
0, 82
0, 228
0, 64
1, 493
4, 828
4, 891
4, 892
4, 891
1, 455
1, 453
4, 891
4, 892
1, 439
4, 891
4, 883
4, 886
0, 64
4, 890
4, 891
4, 896
0, 357
0, 220
4, 1792
1, 538
0, 249
1, 538
4, 815
4, 884
4, 894
4, 891
4, 891
4, 891
4, 916
1, 723
4, 1050
4, 891
4, 891
4, 892
0, 183
4, 885
0, 203
0, 265
4, 883
4, 893
4, 880
1, 375
0, 67
1, 471
0, 64
4, 891
4, 891
4, 883
0, 182
4, 883
4, 891
1, 463
1, 676
1, 710
4, 920
4, 889
4, 884
4, 760
0, 64
1, 375
0, 245
4, 883
4, 893
1, 664
0, 64
4, 893
1, 463
4, 891
4, 898
4, 900
4, 889
4, 897
4, 889
0, 182
4, 883
4, 894
0, 182
4, 758
1, 467
4, 883
4, 882
4, 884
0, 183
1, 457
4, 887
4, 891
4, 891
4, 891
1, 465
1, 477
1, 441
1, 738
0, 217
4, 1116
1, 459
4, 890
1, 463
4, 886
4, 890
1, 464
4, 891
1, 496
0, 182
0, 331
1, 538
1, 376
4, 889
1, 444
4, 890
1, 473
1, 536
4, 887
4, 891
4, 891
0, 182
0, 263
4, 883
4, 1126
0, 64
0, 183
4, 897
4, 891
1, 706
4, 887
1, 862
4, 885
4, 889
4, 802
4, 886
4, 877
4, 891
0, 215
4, 883
4, 878
4, 883
4, 891
1, 493
4, 896
1, 508
0, 64
4, 898
1, 503
1, 476
4, 887
4, 879
4, 891
4, 891
4, 891
4, 890
0, 214
1, 459
4, 762
1, 470
1, 420
4, 895
4, 891
1, 348
0, 220
4, 884
4, 972
0, 35
4, 887
4, 889
0, 64
4, 887
4, 892
0, 304
1, 629
0, 35
1, 505
4, 887
4, 890
4, 892
4, 891
1, 416
1, 478
4, 887
1, 464
4, 891
1, 846
0, 35
0, 252
4, 860
4, 887
4, 891
4, 891
4, 885
4, 881
4, 891
4, 889
4, 760
4, 894
4, 891
0, 183
4, 892
4, 891
0, 213
0, 269
4, 814
0, 182
1, 463
4, 891
4, 889
4, 896
0, 35
4, 886
1, 456
4, 891
1, 857
0, 35
0, 244
1, 803
0, 35
1, 453
1, 442
4, 896
1, 416
4, 1138
4, 890
4, 762
1, 504
4, 879
0, 214
1, 518
4, 890
4, 885
4, 895
4, 887
4, 889
4, 888
1, 376
4, 889
4, 891
1, 490
0, 244
4, 883
1, 491
4, 891
4, 887
0, 182
4, 883
4, 891
1, 528
1, 452
1, 456
1, 441
4, 888
4, 893
1, 417
4, 891
4, 892
4, 886
1, 420
4, 889
4, 890
4, 890
0, 182
0, 276
4, 884
4, 892
1, 485
1, 693
4, 883
4, 905
4, 878
1, 443
4, 877
4, 891
1, 778
0, 35
4, 891
0, 183
4, 887
4, 891
0, 231
1, 464
1, 442
4, 886
4, 891
1, 423
0, 205
4, 884
4, 796
1, 841
4, 1306
4, 891
1, 494
0, 262
4, 884
1, 453
1, 735
0, 79
1, 853
4, 890
4, 887
4, 889
4, 890
4, 885
4, 891
1, 477
1, 726
1, 471
0, 183
4, 892
4, 900
4, 889
1, 503
1, 456
4, 891
4, 858
1, 442
4, 887
1, 442
4, 883
4, 891
0, 107
1, 734
0, 79
4, 881
4, 891
4, 1632
1, 464
4, 889
4, 894
1, 442
4, 887
4, 1302
4, 895
4, 901
0, 181
4, 886
4, 836
4, 888
0, 213
4, 883
4, 891
4, 897
4, 891
4, 894
1, 446
4, 1449
1, 443
4, 763
4, 884
1, 446
1, 503
1, 459
4, 891
4, 884
0, 215
1, 696
0, 35
4, 885
0, 182
0, 64
4, 887
4, 892
4, 891
4, 891
1, 474
4, 885
1, 526
1, 542
4, 1155
4, 886
4, 895
4, 886
1, 716
4, 891
4, 766
4, 883
4, 891
4, 877
4, 899
4, 885
4, 891
0, 35
0, 262
0, 219
0, 35
4, 898
4, 899
4, 886
0, 304
1, 469
1, 483
4, 766
4, 885
4, 891
4, 891
4, 891
1, 501
4, 891
1, 457
4, 898
4, 902
4, 899
4, 892
4, 890
4, 891
0, 64
0, 183
1, 495
4, 890
4, 886
4, 892
1, 472
0, 213
1, 463
4, 896
1, 473
0, 183
1, 455
4, 889
4, 878
4, 883
1, 352
4, 889
4, 884
0, 304
4, 886
1, 454
4, 890
4, 876
4, 892
0, 182
1, 499
4, 881
1, 456
4, 891
1, 416
0, 234
1, 464
1, 740
0, 35
0, 192
4, 887
4, 880
0, 183
4, 883
1, 453
0, 183
1, 498
4, 881
4, 881
4, 890
4, 891
1, 475
4, 891
4, 891
1, 705
0, 35
4, 895
0, 183
4, 884
4, 886
4, 889
4, 880
4, 902
4, 870
4, 899
4, 887
4, 892
4, 892
4, 1142
0, 64
1, 649
0, 35
0, 64
1, 473
1, 452
4, 763
0, 64
4, 883
4, 896
4, 891
4, 891
0, 253
1, 537
0, 64
1, 738
0, 79
1, 409
4, 884
4, 878
1, 494
1, 854
0, 142
0, 64
1, 522
1, 472
1, 448
1, 376
4, 887
4, 896
4, 894
0, 196
0, 79
0, 245
4, 885
4, 894
0, 183
4, 884
4, 894
0, 183
4, 884
1, 418
0, 250
0, 35
4, 884
4, 888
4, 889
4, 841
1, 452
1, 712
0, 35
4, 885
1, 378
0, 256
4, 884
1, 378
4, 887
0, 182
4, 888
1, 375
4, 887
1, 676
0, 245
4, 918
0, 181
4, 883
4, 887
4, 884
0, 182
0, 79
4, 890
0, 182
4, 884
1, 457
1, 473
4, 891
4, 885
1, 440
4, 894
1, 442
4, 897
4, 901
1, 348
4, 883
4, 844
1, 715
4, 890
4, 888
4, 893
1, 417
4, 892
4, 887
1, 823
1, 746
1, 475
4, 884
4, 890
4, 1072
4, 895
1, 464
1, 455
4, 890
4, 1163
4, 886
1, 452
4, 890
4, 894
1, 549
0, 64
4, 893
4, 891
0, 183
4, 883
4, 890
0, 183
1, 484
4, 1752
0, 127
1, 664
1, 451
0, 232
1, 473
4, 1183
0, 64
4, 911
4, 883
4, 884
1, 682
1, 493
4, 886
0, 35
1, 469
4, 891
4, 886
0, 292
0, 264
4, 757
0, 245
4, 883
4, 888
0, 183
4, 883
1, 443
1, 742
0, 64
1, 520
4, 886
4, 973
4, 892
1, 420
4, 888
4, 813
4, 886
4, 891
0, 215
0, 219
4, 1116
1, 470
0, 35
4, 886
1, 416
4, 887
0, 181
4, 883
0, 194
4, 893
4, 886
4, 886
1, 441
4, 891
1, 475
4, 891
4, 883
1, 738
0, 35
1, 461
1, 736
0, 35
4, 884
1, 683
4, 884
4, 891
1, 463
4, 891
4, 886
0, 183
4, 890
0, 183
4, 887
4, 882
0, 214
1, 472
4, 889
4, 860
4, 891
4, 891
4, 887
1, 461
4, 893
0, 35
4, 886
0, 231
0, 64
4, 883
4, 895
4, 886
1, 456
4, 876
4, 877
4, 886
4, 888
4, 890
0, 183
1, 678
1, 505
4, 900
0, 244
1, 455
4, 877
4, 833
4, 891
0, 183
4, 882
4, 900
4, 884
4, 892
4, 891
0, 243
4, 883
0, 183
1, 727
0, 220
1, 706
1, 463
0, 214
4, 884
4, 891
4, 891
4, 902
0, 183
4, 1862
1, 455
4, 892
0, 329
4, 885
1, 418
4, 893
4, 906
4, 891
1, 418
4, 890
4, 901
4, 891
1, 698
1, 477
4, 887
4, 883
4, 893
1, 974
0, 35
4, 884
4, 841
1, 855
0, 35
0, 246
0, 258
4, 885
1, 373
0, 35
4, 886
4, 883
0, 182
1, 464
1, 441
4, 887
1, 446
0, 182
0, 98
4, 884
4, 826
1, 441
4, 888
4, 881
4, 888
0, 183
4, 883
4, 892
1, 378
4, 884
1, 346
0, 35
4, 883
4, 904
4, 886
0, 183
4, 889
1, 448
0, 35
4, 886
4, 890
4, 891
0, 183
1, 438
1, 442
4, 885
0, 183
4, 883
4, 893
0, 278
1, 465
1, 464
4, 891
0, 273
4, 883
4, 891
0, 182
1, 464
4, 891
1, 372
0, 35
0, 244
0, 217
4, 883
1, 476
0, 192
4, 884
4, 889
4, 894
0, 101
4, 1077
4, 888
4, 885
4, 891
4, 878
4, 1052
0, 35
4, 887
4, 895
4, 892
1, 776
1, 463
4, 884
0, 183
0, 254
0, 220
4, 883
4, 763
4, 884
4, 888
4, 890
4, 888
4, 901
4, 888
1, 441
4, 899
0, 183
4, 883
4, 891
1, 420
4, 887
1, 837
4, 884
4, 892
0, 181
4, 880
0, 183
4, 884
0, 214
4, 883
1, 418
1, 687
4, 891
1, 454
0, 216
0, 254
4, 1107
4, 887
0, 304
4, 1513
4, 887
1, 417
4, 887
0, 183
1, 453
0, 79
4, 887
4, 891
0, 52
4, 890
0, 182
4, 883
4, 891
4, 891
4, 893
0, 194
1, 465
1, 420
0, 64
1, 666
0, 35
1, 496
1, 660
4, 898
4, 917
4, 891
4, 1127
0, 64
0, 182
0, 283
4, 889
4, 914
4, 885
4, 891
4, 891
4, 891
0, 182
0, 79
0, 64
4, 799
4, 886
4, 891
4, 893
4, 894
0, 178
0, 334
4, 886
0, 182
1, 659
1, 485
4, 889
4, 891
0, 272
4, 886
1, 476
4, 896
4, 883
4, 890
0, 35
4, 890
4, 891
4, 887
4, 891
4, 896
1, 732
4, 884
4, 891
4, 891
1, 346
0, 35
0, 204
0, 184
4, 892
4, 891
4, 887
4, 893
4, 891
1, 497
0, 82
0, 258
4, 885
0, 183
4, 883
4, 892
1, 442
4, 893
4, 893
1, 442
4, 886
4, 890
1, 443
0, 273
0, 355
0, 370
4, 884
4, 891
4, 878
0, 182
1, 636
0, 35
1, 989
0, 35
0, 266
1, 464
4, 881
4, 826
1, 442
0, 90
4, 891
4, 890
1, 443
0, 182
0, 80
0, 231
4, 885
4, 891
1, 458
4, 763
0, 157
4, 882
4, 891
1, 454
4, 892
4, 881
0, 182
4, 889
1, 918
0, 35
4, 832
1, 682
0, 64
4, 883
4, 892
1, 417
0, 235
4, 883
4, 886
1, 476
4, 888
4, 891
0, 182
0, 304
1, 454
1, 860
0, 35
4, 767
1, 477
4, 884
1, 705
0, 35
4, 881
4, 901
4, 891
1, 352
4, 884
1, 442
4, 891
0, 182
4, 883
1, 442
4, 891
4, 892
4, 891
4, 891
1, 456
1, 443
0, 214
4, 887
4, 843
1, 473
4, 891
4, 883
4, 892
1, 420
4, 885
0, 128
1, 671
4, 884
4, 891
1, 675
0, 35
4, 886
4, 892
0, 222
4, 879
0, 248
4, 889
4, 891
0, 194
1, 500
0, 181
4, 876
4, 897
0, 183
4, 884
4, 917
0, 203
1, 512
0, 35
1, 378
4, 890
4, 889
1, 515
4, 898
4, 893
4, 892
0, 227
1, 518
1, 483
4, 886
4, 884
4, 887
1, 416
4, 886
4, 891
4, 891
0, 182
1, 500
4, 891
4, 891
1, 797
0, 35
4, 886
4, 891
0, 182
4, 883
4, 804
1, 663
1, 621
4, 895
1, 397
4, 892
4, 891
4, 891
0, 248
4, 894
4, 887
4, 879
4, 764
4, 886
4, 919
4, 891
4, 889
4, 908
4, 887
4, 884
4, 899
0, 183
4, 883
4, 891
4, 891
4, 2072
0, 64
4, 877
4, 886
1, 476
1, 477
4, 919
4, 901
0, 182
4, 885
4, 888
4, 879
1, 420
4, 887
4, 887
4, 890
1, 525
4, 896
4, 892
4, 889
4, 883
0, 183
4, 885
4, 887
1, 414
4, 887
4, 892
1, 675
1, 470
0, 214
4, 885
1, 476
4, 890
0, 183
4, 883
1, 439
1, 449
4, 887
0, 178
4, 890
4, 892
0, 182
1, 456
4, 880
0, 194
4, 894
0, 182
0, 143
0, 229
4, 885
1, 443
1, 443
1, 443
1, 443
1, 452
0, 183
4, 884
0, 35
0, 255
0, 98
4, 884
4, 884
1, 452
1, 505
4, 887
1, 459
1, 443
4, 901
1, 443
1, 453
1, 456
1, 443
1, 443
1, 443
1, 443
0, 214
4, 885
1, 443
1, 443
1, 460
4, 889
4, 891
4, 891
1, 456
4, 827
0, 183
4, 883
4, 906
1, 346
0, 35
1, 495
1, 458
4, 814
0, 273
4, 883
4, 890
4, 891
4, 889
4, 891
0, 64
4, 891
4, 891
4, 890
4, 891
0, 247
4, 886
4, 892
4, 885
0, 183
1, 464
4, 891
0, 183
4, 886
4, 890
1, 443
0, 35
4, 886
1, 420
4, 887
4, 891
4, 888
1, 457
1, 691
4, 809
4, 889
1, 452
4, 891
4, 890
0, 183
4, 884
1, 456
4, 887
4, 1110
0, 64
4, 894
0, 247
4, 894
4, 893
1, 497
4, 897
4, 881
1, 732
4, 883
4, 891
4, 892
1, 811
4, 887
4, 890
4, 890
4, 892
0, 194
0, 86
4, 884
4, 890
4, 894
4, 891
4, 891
1, 416
1, 686
0, 100
0, 88
4, 897
4, 892
1, 474
1, 510
4, 895
4, 890
1, 509
4, 887
1, 456
4, 883
4, 891
4, 878
4, 890
4, 887
1, 474
0, 183
0, 254
4, 883
4, 895
4, 891
4, 891
4, 891
1, 457
0, 183
0, 331
4, 1824
0, 64
1, 343
0, 35
1, 464
1, 761
1, 493
1, 450
0, 183
0, 219
4, 884
4, 888
4, 889
1, 461
0, 356
0, 269
0, 209
4, 887
0, 183
4, 969
4, 894
4, 939
4, 895
1, 476
4, 887
4, 891
4, 890
0, 182
4, 884
4, 891
0, 182
4, 881
0, 181
1, 1022
0, 35
1, 521
4, 883
4, 880
4, 886
0, 215
1, 477
1, 499
4, 887
4, 896
0, 304
4, 885
4, 891
4, 891
4, 887
4, 895
4, 885
4, 896
4, 890
4, 889
4, 892
4, 884
0, 64
1, 442
1, 724
1, 465
0, 183
4, 743
4, 884
4, 891
1, 442
1, 463
0, 182
0, 143
0, 371
4, 884
1, 376
0, 217
4, 893
1, 417
4, 887
0, 183
0, 220
4, 889
4, 891
4, 885
4, 826
0, 178
4, 877
1, 476
4, 885
1, 457
0, 131
0, 64
4, 891
0, 182
4, 886
1, 490
4, 1235
4, 891
4, 886
4, 837
4, 891
4, 879
1, 441
4, 886
0, 243
1, 499
1, 415
4, 887
4, 894
4, 889
1, 468
1, 389
0, 35
4, 888
4, 891
4, 891
0, 183
0, 220
4, 801
0, 35
4, 887
4, 991
4, 889
4, 891
4, 886
4, 891
0, 187
0, 79
1, 610
4, 891
0, 35
0, 332
4, 900
1, 372
4, 749
4, 884
4, 894
1, 475
4, 889
4, 880
4, 967
1, 476
0, 197
1, 719
4, 976
1, 484
1, 457
1, 456
4, 850
1, 441
4, 891
4, 854
4, 891
0, 217
0, 233
0, 79
1, 464
4, 889
0, 214
4, 885
4, 884
0, 182
4, 883
4, 891
0, 183
1, 524
1, 738
0, 143
4, 896
1, 378
4, 887
0, 183
4, 884
1, 450
0, 268
1, 461
1, 497
0, 262
0, 219
1, 477
1, 728
0, 35
4, 898
4, 891
4, 861
0, 178
1, 699
4, 899
1, 490
0, 64
1, 346
0, 35
4, 887
4, 885
4, 888
1, 376
4, 888
4, 939
4, 886
4, 1564
4, 883
1, 474
4, 869
1, 478
4, 890
4, 889
1, 492
4, 894
4, 891
4, 891
4, 886
1, 456
0, 217
4, 883
1, 414
4, 889
4, 891
4, 883
4, 938
1, 474
4, 919
0, 127
1, 959
4, 897
1, 454
4, 891
4, 884
0, 244
4, 889
4, 888
1, 687
0, 35
4, 884
4, 881
4, 762
4, 885
1, 476
4, 891
1, 476
4, 889
1, 728
4, 886
1, 531
4, 889
1, 418
1, 458
0, 182
4, 883
4, 892
4, 892
0, 183
4, 884
4, 891
4, 891
1, 455
4, 891
1, 474
4, 889
4, 892
4, 891
0, 182
4, 883
4, 890
0, 182
1, 473
0, 265
0, 203
0, 101
4, 884
4, 890
4, 892
4, 887
4, 896
4, 891
4, 907
1, 517
0, 35
4, 823
4, 891
4, 893
1, 682
4, 882
4, 892
4, 883
4, 886
4, 891
0, 178
0, 260
4, 1116
4, 886
1, 416
0, 333
4, 1154
0, 196
4, 887
1, 378
1, 538
4, 1159
4, 886
1, 346
0, 35
4, 915
4, 891
1, 343
0, 35
1, 691
4, 878
4, 868
4, 888
1, 454
4, 889
4, 878
0, 203
1, 443
4, 890
4, 883
4, 1233
1, 442
4, 891
1, 503
0, 181
4, 890
4, 890
4, 901
4, 889
4, 891
4, 891
4, 896
1, 796
0, 333
4, 886
4, 885
1, 343
0, 35
1, 637
0, 35
4, 893
1, 742
0, 35
4, 887
4, 889
4, 891
4, 879
4, 892
4, 891
4, 893
4, 891
1, 443
0, 35
0, 247
4, 883
4, 893
0, 183
4, 1117
0, 201
0, 79
4, 882
4, 887
1, 703
0, 35
4, 890
4, 891
1, 499
1, 417
4, 887
4, 891
0, 256
4, 886
0, 214
0, 64
4, 881
4, 886
4, 897
4, 893
1, 535
1, 620
4, 837
1, 920
0, 35
0, 211
0, 1512
4, 876
4, 889
4, 891
4, 810
4, 886
1, 346
0, 35
4, 885
4, 889
4, 887
4, 892
4, 890
4, 891
1, 442
1, 397
4, 887
1, 459
4, 893
4, 893
4, 934
4, 891
1, 443
4, 877
4, 894
4, 761
0, 392
0, 35
0, 313
4, 891
0, 187
4, 887
1, 446
4, 1542
1, 505
1, 795
1, 477
4, 887
4, 761
4, 884
4, 889
4, 891
0, 244
4, 883
1, 446
1, 454
4, 892
1, 439
4, 907
4, 891
0, 182
0, 219
0, 247
4, 885
4, 886
0, 256
4, 908
4, 891
4, 886
4, 886
1, 378
4, 897
1, 442
4, 891
1, 452
4, 896
4, 880
1, 414
4, 898
4, 892
1, 511
0, 304
4, 917
4, 892
4, 949
1, 665
4, 884
4, 889
1, 349
4, 878
1, 456
0, 203
4, 864
4, 760
1, 476
0, 270
1, 492
1, 478
0, 315
4, 888
0, 181
1, 684
4, 885
4, 891
1, 442
4, 883
0, 217
0, 263
4, 892
4, 891
4, 866
4, 887
4, 892
4, 892
4, 967
1, 479
4, 885
1, 503
1, 754
0, 103
0, 271
4, 898
4, 906
0, 215
4, 908
1, 538
4, 891
0, 235
4, 889
4, 891
4, 885
1, 443
4, 890
4, 891
4, 892
0, 194
1, 500
4, 884
0, 182
1, 456
4, 891
1, 716
0, 258
4, 887
1, 474
4, 884
4, 884
0, 182
4, 883
4, 769
1, 464
1, 415
4, 885
1, 456
1, 452
4, 866
4, 889
0, 183
1, 461
1, 456
4, 895
4, 891
1, 452
4, 886
4, 886
4, 892
0, 213
4, 883
0, 217
1, 463
1, 418
1, 951
1, 445
4, 895
1, 442
1, 375
1, 480
4, 887
4, 891
1, 458
4, 892
1, 456
1, 676
1, 466
4, 883
4, 895
4, 891
4, 880
4, 891
4, 891
4, 891
0, 171
0, 143
4, 881
4, 891
1, 456
4, 890
4, 890
4, 882
4, 893
0, 304
0, 220
1, 480
4, 889
0, 214
1, 707
4, 883
1, 476
4, 887
0, 183
0, 228
4, 886
0, 183
1, 481
0, 35
4, 886
1, 463
0, 328
0, 37
4, 880
1, 705
0, 229
4, 891
0, 183
1, 449
1, 454
4, 887
4, 820
0, 248
4, 864
0, 247
0, 213
4, 883
4, 883
4, 891
4, 883
1, 845
0, 35
4, 883
0, 182
4, 883
4, 887
1, 475
0, 278
4, 894
4, 892
4, 890
4, 891
4, 908
4, 907
1, 452
4, 891
1, 500
4, 886
4, 889
0, 244
1, 464
4, 891
4, 891
4, 815
0, 194
0, 219
4, 885
4, 885
0, 214
0, 333
0, 147
4, 898
0, 181
4, 883
4, 883
1, 376
4, 887
1, 442
4, 869
4, 891
4, 936
4, 891
4, 892
4, 886
4, 887
4, 878
0, 194
4, 826
4, 892
1, 456
1, 564
4, 887
4, 869
0, 213
4, 913
1, 499
1, 457
1, 473
4, 831
4, 1300
0, 35
4, 884
4, 894
1, 863
4, 889
4, 891
4, 891
1, 742
0, 35
1, 495
0, 191
4, 888
4, 890
4, 891
0, 183
4, 975
0, 183
4, 883
4, 886
0, 182
4, 885
4, 1144
4, 886
4, 891
1, 521
4, 886
0, 244
4, 883
4, 892
4, 915
4, 896
4, 766
4, 901
4, 892
4, 883
4, 886
4, 900
1, 460
1, 796
4, 886
0, 214
1, 500
1, 418
4, 887
1, 446
1, 420
4, 887
1, 376
4, 892
0, 183
1, 464
4, 768
1, 451
1, 474
1, 497
0, 64
0, 213
4, 883
0, 247
4, 884
0, 304
1, 500
1, 515
4, 892
4, 883
0, 183
1, 499
4, 891
0, 256
4, 890
4, 891
1, 417
1, 484
4, 886
4, 831
4, 888
0, 194
0, 332
4, 884
0, 213
4, 884
1, 476
1, 456
1, 519
4, 813
1, 683
4, 897
4, 890
1, 439
0, 178
1, 518
1, 475
4, 893
4, 883
4, 890
4, 890
1, 497
0, 234
0, 314
1, 459
1, 416
0, 191
4, 883
4, 896
0, 203
0, 237
0, 35
4, 885
4, 891
0, 183
4, 884
4, 888
4, 821
1, 509
0, 64
4, 891
4, 898
0, 244
4, 889
4, 889
4, 892
1, 417
4, 892
4, 893
1, 378
4, 1092
4, 884
1, 474
4, 896
1, 442
4, 886
4, 891
4, 896
4, 893
4, 879
1, 443
1, 647
4, 886
1, 417
0, 265
1, 476
4, 882
4, 894
4, 891
4, 892
1, 441
1, 454
1, 459
4, 889
1, 476
4, 891
4, 894
0, 178
4, 885
4, 1034
4, 883
0, 183
0, 264
0, 102
1, 413
0, 35
1, 502
4, 894
4, 893
4, 892
4, 891
1, 459
0, 227
4, 779
4, 884
1, 457
4, 890
1, 676
4, 1115
0, 234
4, 884
4, 890
4, 888
4, 897
4, 891
4, 891
4, 891
4, 891
4, 891
4, 880
0, 269
0, 35
0, 237
4, 889
1, 416
4, 888
4, 899
4, 1150
4, 889
4, 889
4, 897
4, 887
1, 373
0, 35
4, 899
4, 830
4, 802
4, 887
1, 446
0, 35
0, 236
0, 324
0, 79
1, 494
4, 877
4, 885
4, 936
1, 352
4, 883
1, 500
0, 183
0, 293
1, 475
4, 885
4, 889
0, 214
1, 504
4, 886
4, 891
4, 762
0, 231
0, 331
1, 535
4, 889
4, 883
1, 476
4, 887
4, 888
1, 378
4, 887
1, 484
4, 887
0, 182
4, 886
4, 838
4, 879
4, 893
0, 177
4, 889
4, 878
1, 899
0, 35
1, 469
0, 178
4, 888
4, 891
4, 893
4, 883
0, 64
0, 183
4, 883
0, 182
1, 793
4, 887
4, 882
0, 214
1, 517
4, 893
1, 349
4, 883
4, 902
0, 244
4, 883
4, 891
0, 182
4, 810
1, 709
0, 35
4, 887
0, 214
1, 711
1, 794
4, 878
4, 893
1, 451
4, 800
1, 519
4, 888
1, 454
1, 471
4, 887
4, 891
4, 903
4, 911
1, 441
4, 983
1, 463
1, 451
4, 887
1, 416
4, 757
1, 754
4, 881
4, 891
1, 441
0, 247
4, 883
1, 780
4, 884
4, 896
4, 893
4, 889
1, 454
0, 100
4, 897
4, 891
4, 891
4, 891
4, 891
1, 710
4, 884
0, 202
1, 477
0, 197
4, 888
1, 443
4, 893
4, 885
4, 891
1, 464
0, 182
4, 883
4, 901
0, 215
4, 883
0, 273
4, 883
0, 214
4, 884
1, 457
4, 883
4, 891
4, 891
1, 691
0, 35
4, 889
4, 891
1, 346
0, 35
1, 464
4, 879
4, 916
1, 491
4, 886
1, 443
0, 182
4, 892
4, 825
4, 879
4, 891
4, 891
4, 910
4, 906
4, 890
1, 452
1, 828
4, 891
0, 183
0, 394
0, 249
1, 857
0, 35
4, 1462
4, 879
0, 183
4, 886
4, 887
4, 884
4, 1827
4, 885
1, 522
4, 882
1, 352
4, 883
0, 64
0, 182
4, 883
0, 304
4, 884
4, 916
0, 64
4, 892
4, 891
4, 891
1, 476
4, 883
4, 891
4, 763
4, 884
4, 887
1, 453
1, 352
1, 459
1, 663
4, 883
1, 441
0, 244
1, 459
1, 462
1, 473
0, 35
4, 759
4, 882
1, 712
4, 886
4, 891
1, 420
4, 885
4, 887
1, 474
4, 887
4, 899
4, 891
4, 1653
0, 220
4, 883
4, 887
4, 883
4, 906
0, 183
0, 79
1, 524
4, 884
4, 884
4, 878
4, 890
1, 464
4, 890
4, 889
4, 892
1, 476
4, 894
4, 894
4, 882
4, 891
0, 178
4, 880
0, 304
0, 220
1, 519
4, 1878
0, 253
0, 35
1, 465
4, 884
1, 443
1, 466
0, 215
4, 884
4, 887
4, 890
1, 373
0, 35
4, 886
1, 450
4, 891
4, 883
4, 889
4, 881
4, 882
4, 890
4, 876
1, 442
4, 896
0, 182
4, 897
4, 893
0, 182
4, 889
1, 499
1, 420
0, 256
4, 883
4, 886
4, 1052
0, 182
0, 264
4, 875
1, 373
0, 35
4, 885
4, 889
4, 891
4, 891
4, 899
4, 891
1, 473
4, 817
4, 1164
4, 886
1, 474
0, 213
4, 916
4, 894
4, 890
4, 886
4, 877
0, 215
0, 98
4, 893
1, 453
1, 425
4, 891
1, 346
0, 35
4, 884
0, 182
0, 79
0, 219
