0, 159
0, 64
0, 160
0, 64
0, 226
0, 162
0, 35
0, 106
0, 243
0, 105
0, 188
0, 86
0, 57
0, 277
0, 336
0, 341
0, 150
0, 261
0, 37
0, 1057
0, 59
0, 80
0, 879
0, 851
0, 84
0, 1496
0, 46
0, 803
0, 92
0, 228
0, 147
0, 195
0, 446
0, 133
0, 59
0, 94
0, 265
0, 192
0, 173
0, 528
0, 40
0, 103
0, 267
0, 258
0, 391
0, 322
0, 356
0, 38
0, 368
0, 266
0, 276
0, 64
0, 85
0, 508
0, 86
0, 162
0, 541
0, 92
0, 241
0, 214
0, 121
0, 425
0, 212
0, 929
0, 239
0, 64
0, 131
0, 438
0, 366
0, 272
0, 64
1, 795
0, 64
0, 1282
0, 76
0, 109
0, 80
0, 242
0, 64
0, 310
0, 466
0, 230
0, 64
1, 835
0, 64
0, 693
0, 417
0, 66
0, 64
0, 167
0, 37
0, 259
0, 37
0, 421
0, 331
1, 951
0, 64
0, 66
0, 257
0, 393
0, 206
0, 266
0, 40
0, 609
0, 49
0, 532
0, 64
0, 959
0, 192
0, 241
0, 218
0, 209
1, 427
0, 64
0, 191
0, 186
0, 57
0, 64
0, 663
1, 421
0, 192
0, 105
0, 268
0, 64
0, 349
0, 117
0, 482
0, 191
0, 179
0, 348
0, 574
0, 574
0, 121
0, 261
1, 594
0, 582
0, 64
0, 40
0, 286
0, 64
0, 480
0, 560
0, 40
0, 146
0, 531
0, 331
0, 85
0, 64
1, 881
0, 190
0, 76
0, 79
0, 57
0, 469
0, 269
0, 64
0, 325
0, 346
0, 197
0, 277
0, 64
0, 218
0, 88
0, 149
0, 346
0, 493
0, 575
0, 827
0, 226
0, 344
0, 455
0, 139
0, 1019
0, 158
0, 637
0, 297
0, 240
0, 64
0, 176
0, 523
0, 586
0, 387
0, 380
0, 265
0, 205
0, 64
0, 341
0, 37
1, 587
0, 67
0, 310
0, 80
0, 64
0, 209
0, 137
0, 64
0, 485
0, 192
1, 380
0, 194
0, 64
0, 232
0, 747
0, 43
0, 528
0, 537
0, 64
0, 95
0, 280
0, 64
0, 280
0, 261
0, 64
0, 543
0, 719
0, 55
0, 209
0, 153
0, 359
0, 172
0, 47
0, 304
0, 163
0, 106
0, 66
0, 154
1, 374
0, 78
0, 631
0, 669
0, 64
1, 404
0, 191
0, 64
0, 252
0, 37
1, 352
0, 89
0, 37
1, 539
0, 114
0, 229
0, 90
1, 781
1, 501
0, 113
0, 64
0, 258
0, 78
0, 629
0, 357
0, 346
0, 259
0, 259
1, 746
0, 35
0, 41
0, 222
0, 262
0, 154
0, 216
1, 433
0, 35
0, 191
0, 105
0, 314
0, 136
0, 139
0, 169
0, 64
1, 353
0, 79
0, 258
0, 405
0, 64
0, 227
0, 333
1, 368
0, 64
0, 67
0, 192
0, 349
0, 88
0, 151
0, 264
0, 78
0, 269
1, 513
0, 192
0, 596
0, 43
1, 823
0, 355
0, 150
0, 79
1, 494
0, 392
0, 162
1, 538
0, 151
0, 685
0, 197
1, 681
0, 64
1, 507
0, 140
0, 133
0, 336
0, 64
1, 412
0, 669
0, 64
0, 71
0, 124
0, 64
1, 742
0, 1127
0, 223
0, 412
0, 191
0, 501
0, 122
0, 330
0, 339
1, 524
0, 64
0, 66
0, 220
0, 64
0, 213
1, 421
0, 120
0, 568
0, 340
0, 64
1, 575
0, 134
0, 37
0, 520
0, 191
1, 395
0, 122
0, 192
1, 586
0, 184
0, 617
0, 114
0, 35
0, 478
0, 42
0, 201
0, 215
0, 289
0, 80
0, 141
1, 348
0, 234
0, 64
0, 381
0, 267
0, 578
0, 37
0, 189
0, 419
0, 155
0, 69
0, 80
1, 348
0, 64
1, 553
0, 64
0, 613
0, 64
1, 491
0, 212
0, 68
0, 307
0, 143
1, 812
0, 76
0, 133
0, 219
0, 202
0, 63
0, 161
0, 243
0, 64
0, 194
0, 163
0, 178
0, 64
0, 254
0, 79
1, 873
0, 621
0, 64
1, 426
0, 179
0, 212
0, 38
0, 280
0, 218
0, 74
0, 101
1, 534
0, 668
1, 533
0, 64
0, 82
0, 297
1, 502
0, 448
0, 137
0, 321
0, 64
0, 64
0, 304
1, 462
0, 206
0, 569
0, 37
1, 793
0, 64
0, 63
0, 168
1, 508
0, 438
0, 64
0, 512
0, 234
0, 109
0, 268
0, 266
0, 211
0, 261
0, 296
0, 618
0, 90
0, 64
1, 461
0, 64
0, 153
0, 78
0, 162
0, 44
1, 451
0, 623
1, 420
0, 333
1, 417
0, 317
0, 193
1, 781
0, 159
0, 515
0, 192
0, 89
0, 102
1, 412
0, 248
0, 300
0, 129
0, 106
0, 147
0, 37
1, 348
0, 64
1, 482
0, 155
1, 530
0, 717
0, 64
1, 512
0, 64
0, 221
1, 346
1, 454
0, 233
0, 270
0, 35
1, 431
0, 83
0, 206
0, 64
0, 97
0, 41
1, 1027
0, 609
0, 347
0, 309
1, 447
0, 407
0, 213
1, 491
0, 64
0, 463
0, 81
0, 225
1, 749
0, 589
0, 239
0, 37
0, 643
0, 81
1, 598
0, 122
1, 445
0, 77
0, 192
0, 102
0, 240
0, 37
1, 372
0, 210
0, 112
0, 897
0, 275
0, 117
0, 317
1, 445
0, 192
0, 237
0, 79
0, 284
0, 193
0, 260
0, 63
0, 308
0, 64
0, 391
0, 191
0, 64
0, 236
0, 38
1, 540
0, 532
0, 213
1, 426
0, 191
1, 616
0, 64
1, 411
0, 98
0, 122
0, 64
0, 210
1, 922
0, 192
1, 417
0, 102
0, 62
0, 192
0, 402
0, 217
0, 163
1, 351
1, 632
0, 246
0, 64
1, 510
0, 64
0, 421
0, 37
0, 86
0, 192
0, 198
0, 88
0, 461
0, 268
0, 83
0, 141
0, 238
0, 371
0, 118
0, 192
0, 84
0, 299
0, 237
0, 341
0, 165
0, 120
0, 149
0, 269
1, 471
0, 81
0, 35
0, 205
0, 37
1, 455
0, 78
0, 76
0, 214
0, 360
0, 235
0, 515
0, 210
1, 541
0, 64
0, 191
0, 64
1, 636
0, 79
1, 419
0, 272
0, 258
0, 242
1, 436
0, 277
0, 222
0, 190
0, 254
0, 48
1, 416
0, 192
1, 899
0, 192
0, 268
1, 532
0, 64
0, 191
1, 456
0, 102
0, 37
0, 103
0, 74
0, 211
0, 211
0, 80
1, 416
0, 210
0, 64
0, 236
1, 529
0, 41
0, 191
0, 196
0, 102
1, 417
0, 204
0, 417
0, 182
0, 318
0, 64
1, 597
1, 583
1, 563
0, 236
0, 449
0, 64
0, 100
0, 64
0, 49
0, 308
1, 509
0, 192
0, 165
0, 59
1, 417
0, 64
0, 269
1, 433
0, 402
0, 42
0, 191
0, 243
1, 418
0, 254
0, 149
0, 216
0, 84
0, 64
1, 426
0, 98
0, 64
0, 233
0, 214
0, 273
1, 443
0, 273
0, 622
1, 759
0, 35
0, 233
0, 235
0, 64
1, 497
0, 279
1, 417
0, 264
0, 64
1, 443
0, 202
0, 186
0, 78
1, 416
0, 64
0, 37
0, 191
0, 38
1, 441
0, 366
0, 81
0, 262
0, 345
1, 416
0, 622
0, 64
0, 258
0, 277
1, 417
0, 667
0, 276
1, 660
0, 361
0, 192
0, 237
0, 211
1, 1302
0, 192
0, 152
0, 86
0, 211
1, 1085
1, 695
0, 64
1, 948
0, 64
0, 191
0, 64
1, 667
0, 226
1, 817
0, 192
1, 548
0, 191
1, 736
1, 1066
0, 203
0, 64
1, 629
1, 1208
1, 418
1, 478
0, 47
0, 64
0, 64
0, 66
0, 192
1, 774
0, 64
0, 191
1, 690
1, 1216
0, 210
1, 806
1, 482
0, 191
1, 510
0, 206
1, 537
0, 37
0, 206
0, 85
0, 126
1, 408
0, 285
1, 426
0, 64
0, 191
0, 274
0, 240
0, 64
0, 298
0, 64
0, 139
0, 211
0, 98
0, 437
0, 210
0, 189
1, 422
0, 192
0, 54
0, 98
1, 610
0, 244
0, 211
1, 1509
1, 462
0, 237
0, 213
1, 412
0, 191
1, 465
0, 64
0, 96
0, 215
0, 176
0, 46
1, 768
0, 239
1, 416
0, 143
0, 211
0, 115
1, 413
0, 191
0, 215
0, 262
0, 211
0, 64
0, 450
0, 192
0, 240
0, 186
0, 274
0, 64
1, 465
0, 280
0, 158
1, 468
0, 211
1, 560
1, 540
1, 472
0, 64
0, 215
1, 992
0, 178
1, 416
1, 744
1, 476
0, 100
0, 78
0, 192
0, 64
1, 603
0, 346
0, 109
0, 186
0, 213
0, 202
0, 163
1, 477
0, 35
0, 339
1, 910
0, 192
1, 348
0, 240
0, 64
1, 691
0, 546
0, 268
0, 298
1, 416
0, 310
0, 281
0, 131
0, 258
0, 64
1, 648
0, 89
0, 213
1, 465
0, 238
0, 237
0, 154
0, 212
0, 35
1, 416
0, 339
1, 416
0, 196
0, 64
1, 436
0, 53
0, 210
1, 478
0, 41
0, 281
0, 123
1, 417
1, 466
0, 192
1, 416
0, 80
0, 206
0, 64
0, 64
0, 193
1, 510
0, 351
0, 64
1, 616
1, 417
1, 775
1, 417
1, 466
0, 102
0, 211
1, 833
0, 598
0, 130
0, 37
1, 453
0, 191
0, 317
0, 121
1, 348
1, 702
0, 222
1, 614
0, 64
1, 416
0, 47
0, 66
0, 166
0, 211
1, 464
0, 210
0, 81
1, 365
0, 259
0, 106
0, 212
1, 417
0, 204
1, 385
0, 78
0, 64
0, 347
0, 235
0, 38
1, 899
0, 35
0, 191
1, 465
0, 265
0, 155
0, 64
0, 265
1, 687
1, 440
0, 64
0, 201
1, 472
0, 110
0, 238
0, 98
0, 212
0, 64
1, 416
0, 55
0, 192
0, 211
0, 64
1, 536
0, 38
0, 191
0, 240
0, 166
1, 417
0, 81
0, 255
1, 417
0, 105
0, 79
0, 136
0, 64
0, 191
0, 64
1, 812
0, 213
1, 664
0, 79
0, 220
1, 458
0, 122
0, 64
0, 260
1, 919
0, 92
0, 191
1, 437
0, 205
0, 153
0, 64
0, 236
1, 467
0, 62
0, 192
1, 414
0, 218
1, 497
0, 192
1, 417
0, 439
0, 60
0, 211
0, 213
0, 210
0, 165
1, 618
0, 50
0, 268
1, 561
0, 192
0, 149
0, 212
1, 447
0, 192
0, 104
1, 465
0, 191
0, 241
1, 467
0, 205
0, 115
0, 43
0, 211
0, 102
0, 64
0, 307
0, 212
0, 35
1, 357
0, 64
1, 638
1, 833
0, 64
1, 475
0, 109
1, 599
0, 442
0, 152
0, 211
0, 211
1, 667
0, 781
0, 210
0, 211
0, 64
1, 1042
0, 355
0, 37
1, 439
0, 261
1, 392
0, 59
0, 192
0, 267
0, 298
0, 87
1, 465
1, 992
0, 376
0, 264
1, 501
1, 776
1, 463
0, 192
0, 64
1, 1141
1, 443
1, 828
0, 87
0, 262
0, 209
0, 211
0, 119
1, 866
0, 58
0, 211
1, 387
0, 35
0, 191
1, 418
0, 205
0, 81
0, 211
1, 466
0, 206
1, 630
0, 211
0, 285
1, 414
0, 81
0, 241
0, 118
0, 269
0, 40
1, 417
0, 192
0, 211
0, 64
1, 464
0, 44
0, 191
0, 560
0, 269
0, 213
0, 238
1, 429
0, 191
0, 239
1, 426
0, 211
0, 196
0, 64
0, 239
0, 93
0, 211
0, 196
0, 269
0, 101
1, 465
0, 192
0, 103
1, 470
0, 205
1, 378
0, 140
0, 192
1, 464
0, 116
1, 714
1, 583
1, 465
0, 192
0, 64
1, 551
0, 64
0, 191
0, 286
0, 64
1, 526
0, 192
0, 149
0, 90
0, 211
0, 64
1, 551
1, 834
0, 206
1, 417
0, 64
0, 258
0, 64
1, 351
1, 416
0, 64
0, 191
1, 348
0, 120
0, 212
1, 551
0, 211
0, 88
0, 235
1, 454
0, 163
0, 211
1, 457
0, 211
1, 416
0, 191
0, 211
1, 465
0, 402
0, 221
0, 211
1, 591
0, 90
0, 213
0, 90
0, 70
1, 707
1, 465
0, 233
1, 417
0, 67
1, 1079
1, 416
0, 265
1, 522
0, 38
1, 387
0, 177
1, 465
0, 107
0, 856
1, 718
0, 102
1, 698
0, 430
1, 565
0, 98
0, 50
1, 352
0, 64
1, 440
0, 269
0, 35
1, 454
0, 191
1, 834
0, 142
1, 897
1, 441
0, 87
0, 268
0, 85
0, 211
0, 109
0, 211
0, 64
0, 549
1, 2138
0, 35
1, 451
0, 64
1, 709
0, 312
1, 435
1, 631
0, 96
0, 211
0, 38
1, 614
0, 302
0, 345
0, 700
0, 64
1, 481
0, 127
0, 210
1, 470
0, 210
1, 657
0, 211
0, 239
0, 43
1, 417
0, 214
0, 211
0, 358
0, 211
1, 423
0, 234
0, 211
1, 1165
0, 211
0, 193
0, 64
0, 236
1, 436
0, 151
1, 417
0, 85
0, 211
1, 551
0, 44
1, 456
0, 276
0, 211
0, 239
1, 813
0, 64
1, 441
0, 115
0, 37
0, 243
0, 268
0, 64
1, 415
1, 511
0, 88
0, 210
0, 211
0, 64
1, 551
0, 38
1, 680
0, 138
0, 211
0, 50
1, 417
0, 64
1, 704
1, 479
1, 803
0, 211
1, 465
0, 211
0, 194
0, 243
1, 466
1, 475
0, 78
0, 69
1, 688
0, 74
0, 211
1, 423
0, 105
1, 591
0, 64
1, 509
0, 64
1, 1205
0, 235
0, 153
1, 416
4, 1139
1, 599
0, 266
0, 84
0, 212
0, 53
1, 692
1, 428
0, 104
1, 973
0, 106
0, 164
1, 417
1, 627
0, 174
0, 35
1, 515
1, 864
0, 268
1, 416
1, 437
0, 210
0, 64
1, 477
0, 64
0, 142
0, 211
1, 753
1, 416
0, 312
0, 287
1, 466
0, 210
0, 76
0, 211
1, 471
1, 436
0, 64
1, 850
0, 213
1, 583
1, 417
0, 64
1, 1026
0, 213
1, 417
0, 211
1, 465
0, 94
0, 210
1, 493
0, 212
0, 193
0, 287
0, 228
0, 64
1, 638
0, 95
1, 438
0, 35
0, 66
1, 427
0, 64
1, 615
0, 92
1, 835
0, 64
1, 742
0, 149
1, 416
0, 258
0, 211
0, 64
1, 657
1, 616
1, 702
1, 455
1, 469
0, 64
1, 436
1, 435
1, 668
0, 37
1, 755
0, 64
1, 870
0, 116
0, 211
0, 64
1, 773
1, 397
0, 64
1, 1035
1, 417
0, 88
0, 131
0, 93
0, 64
0, 210
0, 211
1, 915
0, 66
0, 64
1, 854
1, 639
0, 101
0, 258
1, 661
0, 266
1, 687
0, 228
0, 211
0, 202
0, 417
0, 235
0, 213
0, 64
1, 749
0, 211
0, 643
1, 347
0, 261
1, 417
0, 64
1, 628
0, 105
1, 858
0, 268
0, 60
1, 609
0, 335
0, 64
0, 210
1, 465
0, 281
1, 416
0, 260
1, 466
1, 625
1, 779
1, 878
1, 629
1, 627
1, 348
1, 417
1, 620
0, 119
0, 413
0, 64
1, 680
1, 742
0, 64
1, 477
0, 112
0, 210
0, 211
1, 622
0, 35
1, 758
0, 64
1, 1002
1, 439
1, 797
0, 394
0, 401
0, 211
1, 435
1, 750
0, 64
1, 821
0, 386
1, 820
0, 311
0, 213
0, 79
1, 437
1, 773
1, 416
0, 268
0, 209
1, 438
0, 210
0, 108
1, 464
0, 253
1, 425
1, 844
0, 49
0, 261
0, 239
0, 430
0, 64
1, 425
0, 655
0, 193
0, 64
1, 819
0, 274
0, 92
0, 239
0, 64
1, 417
1, 427
0, 84
0, 211
1, 700
0, 163
0, 211
1, 888
0, 212
1, 417
0, 239
1, 419
1, 611
0, 46
1, 749
0, 134
1, 574
0, 181
0, 258
0, 211
1, 756
0, 67
0, 271
1, 416
0, 47
0, 261
1, 697
1, 729
1, 416
0, 211
0, 211
0, 49
1, 482
0, 85
0, 258
1, 416
0, 262
0, 494
0, 233
4, 1080
1, 347
0, 133
1, 465
0, 54
1, 641
1, 465
0, 211
0, 291
0, 225
1, 436
1, 687
0, 244
1, 468
0, 210
1, 434
0, 568
1, 598
0, 238
1, 887
0, 89
0, 211
0, 262
0, 90
0, 211
1, 435
0, 35
1, 1125
0, 211
1, 551
0, 75
0, 211
1, 465
1, 450
0, 210
1, 507
1, 744
1, 417
0, 269
0, 203
0, 53
1, 448
0, 64
1, 659
1, 659
1, 462
0, 135
0, 263
1, 416
1, 656
1, 659
1, 657
1, 417
0, 1029
1, 561
0, 366
0, 263
0, 64
1, 445
0, 211
0, 64
1, 426
0, 259
0, 64
1, 662
1, 659
1, 416
0, 64
1, 717
1, 576
0, 211
0, 211
0, 38
1, 659
1, 651
0, 592
1, 467
0, 261
0, 92
0, 211
1, 448
1, 729
1, 429
0, 267
1, 465
0, 64
0, 211
1, 659
1, 840
0, 37
1, 656
1, 416
0, 213
1, 417
0, 210
1, 465
0, 256
0, 119
1, 417
0, 211
1, 491
0, 96
0, 210
0, 64
1, 631
1, 465
1, 730
0, 119
1, 465
0, 210
0, 211
0, 66
0, 211
1, 372
0, 269
0, 211
1, 417
0, 240
0, 146
1, 348
1, 417
1, 656
1, 1045
0, 64
1, 405
0, 131
0, 211
0, 64
1, 417
0, 112
0, 87
0, 210
0, 35
1, 659
1, 416
1, 438
0, 269
0, 191
0, 211
1, 465
0, 484
0, 178
0, 72
0, 211
1, 465
0, 159
1, 418
0, 64
1, 656
1, 659
4, 1073
0, 211
0, 227
0, 587
1, 465
1, 508
0, 35
1, 436
0, 72
1, 438
0, 64
1, 656
1, 659
1, 438
1, 466
0, 64
1, 435
1, 657
1, 443
1, 656
1, 426
0, 210
1, 416
1, 660
1, 659
1, 658
1, 357
1, 735
0, 64
1, 660
1, 644
0, 212
0, 112
1, 465
1, 436
1, 436
0, 210
1, 416
0, 216
1, 417
0, 210
1, 416
1, 436
0, 216
1, 608
0, 55
1, 465
0, 216
1, 465
1, 931
1, 465
0, 216
0, 64
1, 659
1, 659
0, 328
1, 417
0, 108
1, 436
1, 617
0, 191
1, 417
0, 241
1, 435
0, 265
0, 64
1, 659
1, 659
1, 659
1, 477
1, 436
0, 64
1, 760
0, 64
1, 632
1, 465
1, 628
1, 417
1, 656
1, 454
1, 467
0, 258
0, 91
1, 723
1, 417
0, 88
0, 93
0, 187
1, 466
1, 455
0, 51
1, 657
1, 815
0, 210
1, 467
0, 44
4, 1284
0, 213
0, 45
1, 416
4, 951
0, 210
1, 417
0, 64
4, 1315
1, 467
1, 436
1, 548
0, 37
4, 1869
0, 210
0, 95
1, 467
0, 264
4, 934
1, 436
1, 435
4, 1341
1, 636
1, 477
4, 883
1, 436
0, 210
4, 3147
0, 210
1, 416
4, 1485
0, 111
0, 228
0, 38
1, 695
0, 64
4, 824
1, 436
0, 212
4, 764
1, 465
4, 975
0, 72
0, 264
1, 416
4, 1463
1, 465
4, 813
0, 274
0, 95
1, 467
0, 64
4, 1095
1, 467
0, 210
1, 417
0, 210
0, 64
1, 440
0, 210
1, 465
0, 210
1, 416
0, 203
1, 417
1, 467
1, 437
0, 35
4, 3127
0, 210
1, 467
4, 893
1, 436
0, 82
0, 210
0, 849
0, 35
1, 722
1, 417
1, 729
1, 417
0, 89
1, 467
4, 1319
4, 754
0, 64
1, 1033
1, 417
0, 64
4, 1071
4, 1045
0, 84
1, 694
1, 348
1, 417
4, 847
1, 464
0, 349
4, 3093
1, 440
0, 287
1, 1134
1, 465
1, 467
0, 55
4, 1417
0, 239
1, 467
0, 77
1, 467
0, 64
4, 829
0, 210
0, 96
1, 467
1, 436
0, 64
4, 843
4, 823
0, 64
4, 1020
1, 800
4, 1119
1, 416
1, 511
0, 106
1, 467
4, 790
4, 995
0, 88
1, 467
4, 1157
0, 44
4, 921
4, 848
0, 64
4, 1992
1, 610
1, 474
1, 467
0, 126
0, 37
1, 467
0, 290
0, 64
4, 1340
0, 64
4, 1134
4, 768
1, 467
1, 455
4, 847
1, 436
1, 436
4, 865
0, 75
1, 467
0, 64
4, 1003
1, 467
4, 2201
1, 467
4, 806
4, 871
4, 744
0, 170
1, 419
1, 436
1, 662
1, 722
0, 94
0, 271
1, 1004
0, 59
1, 465
0, 210
4, 878
4, 1392
0, 321
1, 688
0, 89
1, 697
1, 467
1, 467
0, 276
1, 602
0, 324
1, 465
1, 436
0, 210
1, 651
1, 746
0, 41
1, 594
1, 630
0, 55
1, 465
4, 770
1, 465
4, 829
0, 35
4, 2231
0, 210
1, 568
0, 64
4, 2118
0, 96
1, 467
0, 92
1, 467
0, 64
4, 1296
1, 465
0, 274
1, 467
0, 210
1, 434
0, 64
4, 885
0, 210
0, 64
4, 778
0, 95
1, 467
4, 747
0, 103
0, 38
4, 829
0, 64
4, 896
1, 467
4, 1392
1, 791
0, 208
0, 270
0, 296
1, 467
1, 467
0, 227
1, 467
0, 262
0, 142
1, 691
1, 635
1, 467
1, 436
1, 467
4, 1391
0, 79
1, 469
1, 511
0, 82
0, 74
1, 436
0, 44
1, 437
1, 436
4, 1299
1, 635
1, 467
4, 1060
0, 302
1, 467
0, 64
4, 869
4, 918
1, 467
0, 210
1, 465
1, 467
0, 38
5, 2346
4, 825
1, 436
4, 1089
4, 800
1, 467
1, 436
0, 166
1, 634
1, 467
1, 426
1, 681
1, 467
4, 889
0, 210
1, 467
0, 114
0, 210
1, 635
1, 467
0, 64
4, 862
4, 1402
1, 835
0, 268
1, 607
0, 35
4, 1110
0, 64
4, 931
0, 258
1, 608
0, 259
0, 213
0, 74
4, 1116
1, 722
1, 635
1, 695
1, 638
0, 267
1, 635
0, 237
1, 635
1, 637
0, 93
1, 467
0, 210
1, 634
1, 721
4, 977
0, 64
5, 2284
0, 210
0, 95
1, 769
1, 791
4, 896
1, 907
0, 64
4, 1393
1, 635
1, 713
1, 634
0, 213
4, 858
0, 812
1, 770
1, 635
1, 630
1, 737
4, 814
4, 992
1, 436
0, 64
4, 1013
4, 1150
1, 740
1, 825
1, 712
0, 389
4, 816
0, 152
0, 142
1, 634
1, 754
4, 906
1, 789
0, 210
1, 635
0, 213
1, 634
4, 919
1, 436
4, 1639
0, 50
1, 634
4, 910
0, 210
0, 64
4, 976
0, 119
0, 89
1, 436
4, 935
0, 210
4, 1047
0, 64
5, 4675
4, 916
0, 210
4, 915
1, 436
4, 1307
0, 116
4, 1545
4, 979
4, 790
4, 886
4, 1410
0, 64
1, 624
4, 1290
0, 108
4, 2628
0, 210
4, 816
0, 64
1, 434
0, 551
4, 1122
0, 64
4, 752
0, 69
1, 484
0, 210
0, 245
4, 948
4, 1077
4, 759
4, 939
1, 436
0, 210
1, 635
1, 522
1, 436
4, 913
0, 35
4, 1421
0, 176
4, 822
4, 843
1, 505
4, 3909
4, 1532
4, 894
0, 64
4, 749
1, 634
4, 1718
0, 259
0, 95
4, 976
0, 64
1, 600
1, 634
4, 859
0, 121
4, 771
4, 1274
0, 210
1, 425
4, 1104
4, 948
1, 416
1, 436
4, 1046
4, 996
0, 38
4, 928
1, 436
0, 359
1, 637
0, 64
4, 927
4, 2608
0, 210
1, 634
1, 970
0, 212
4, 887
4, 859
4, 780
1, 635
4, 1316
0, 64
4, 969
0, 64
4, 1252
4, 945
0, 97
4, 1365
1, 604
4, 957
4, 741
0, 213
4, 3232
0, 210
0, 64
4, 831
4, 961
4, 766
1, 497
4, 986
1, 634
4, 950
1, 436
0, 64
4, 1052
0, 64
4, 886
0, 263
4, 1908
4, 1247
1, 728
0, 507
4, 809
4, 795
0, 38
4, 911
1, 842
0, 58
4, 1159
4, 1151
4, 1137
0, 64
1, 438
4, 807
4, 960
4, 755
1, 634
4, 927
1, 436
4, 972
4, 844
4, 1281
4, 1122
0, 68
4, 1905
0, 76
4, 820
0, 210
1, 635
4, 1097
4, 1494
1, 874
1, 436
1, 436
0, 210
1, 634
4, 1315
1, 835
0, 210
4, 1021
0, 76
4, 1130
0, 64
4, 865
4, 948
4, 994
4, 847
0, 210
4, 1042
0, 76
4, 1310
1, 437
1, 910
1, 436
4, 911
4, 863
1, 686
0, 35
4, 788
0, 64
25, 3078
1, 415
0, 210
1, 388
0, 35
4, 873
4, 823
0, 210
1, 582
1, 634
1, 518
0, 64
4, 748
4, 927
1, 771
0, 64
5, 5560
1, 634
4, 1810
4, 1062
4, 1238
0, 64
4, 775
1, 640
4, 1206
4, 900
1, 436
1, 436
4, 1198
4, 954
1, 436
0, 123
0, 114
4, 859
0, 64
4, 860
1, 436
0, 177
0, 213
4, 776
4, 1144
0, 210
4, 882
0, 210
0, 76
4, 801
4, 1231
4, 1096
1, 436
0, 64
4, 802
4, 1212
4, 1254
0, 64
4, 1022
4, 1025
4, 793
4, 913
4, 811
4, 935
4, 840
1, 448
4, 852
4, 829
4, 787
0, 61
4, 1221
1, 436
4, 753
4, 974
0, 115
0, 64
1, 426
1, 436
4, 868
0, 108
0, 206
1, 680
4, 808
4, 827
4, 1469
4, 914
4, 1009
1, 436
1, 436
0, 210
4, 866
4, 872
4, 799
4, 747
4, 864
4, 912
1, 436
4, 742
4, 1016
1, 436
4, 1762
4, 1357
4, 1186
4, 952
1, 716
4, 956
1, 673
0, 76
0, 245
0, 64
4, 915
1, 436
4, 1113
4, 827
0, 90
1, 436
0, 59
0, 210
0, 64
4, 804
0, 64
4, 818
1, 436
1, 436
0, 64
4, 1033
4, 864
1, 436
0, 91
4, 1015
1, 518
0, 210
1, 661
0, 76
4, 877
4, 972
0, 64
1, 752
1, 453
0, 181
4, 773
4, 1365
4, 841
4, 781
4, 798
1, 754
0, 271
4, 823
1, 436
4, 955
0, 266
4, 807
1, 436
4, 885
4, 852
1, 436
1, 436
0, 210
4, 1194
4, 949
0, 210
4, 859
1, 644
0, 44
4, 834
0, 210
4, 913
1, 436
4, 786
4, 890
0, 258
1, 612
0, 87
4, 835
4, 1093
0, 76
4, 1007
0, 210
4, 931
0, 210
4, 775
4, 860
4, 854
1, 436
4, 852
0, 203
4, 1594
4, 909
4, 811
0, 64
4, 1207
1, 782
4, 914
1, 613
4, 957
4, 810
4, 855
4, 774
4, 1002
4, 904
0, 271
4, 969
1, 436
4, 899
4, 989
1, 436
0, 42
1, 443
4, 1047
4, 1241
1, 436
1, 436
0, 64
4, 876
1, 455
0, 121
0, 210
0, 35
4, 957
1, 436
0, 263
4, 932
0, 64
4, 815
4, 1318
4, 853
1, 436
4, 845
1, 454
1, 439
25, 6816
0, 77
0, 64
0, 64
4, 802
0, 64
4, 849
4, 912
4, 830
4, 794
1, 436
1, 438
0, 210
4, 848
1, 647
25, 4796
4, 789
4, 850
0, 260
1, 753
0, 64
4, 779
4, 872
4, 834
1, 452
0, 68
0, 210
4, 810
4, 1159
4, 791
0, 64
4, 1022
1, 469
4, 888
4, 798
4, 963
1, 573
0, 64
1, 632
0, 37
4, 780
4, 861
4, 902
4, 864
0, 64
4, 857
4, 1251
1, 1064
0, 117
4, 858
1, 625
0, 64
4, 1149
0, 76
25, 2519
4, 749
1, 711
0, 362
4, 1221
4, 979
0, 37
5, 6927
1, 725
4, 949
0, 210
0, 76
4, 964
0, 84
4, 1084
0, 64
1, 728
0, 283
0, 250
4, 1407
4, 936
5, 2515
4, 1277
1, 427
4, 827
0, 212
0, 64
1, 452
0, 64
4, 896
1, 452
1, 835
0, 256
4, 946
4, 1084
4, 878
4, 917
0, 263
4, 865
4, 794
1, 723
4, 912
4, 1332
1, 703
4, 802
4, 912
4, 2007
0, 64
4, 758
1, 859
4, 904
1, 746
0, 35
4, 826
0, 64
4, 772
4, 765
4, 1450
4, 930
4, 768
4, 863
4, 763
4, 794
0, 64
4, 749
1, 634
4, 1205
0, 422
0, 64
4, 903
1, 794
4, 840
0, 210
4, 1287
4, 863
4, 830
4, 964
4, 964
1, 737
0, 50
4, 1052
1, 678
0, 192
4, 1341
4, 893
0, 210
0, 67
4, 959
4, 934
4, 752
4, 1357
4, 1330
4, 841
1, 486
0, 35
4, 806
1, 621
0, 64
4, 1246
0, 157
1, 785
4, 1078
4, 867
0, 64
4, 770
4, 1531
4, 863
4, 977
1, 703
4, 801
4, 1314
4, 990
0, 210
4, 764
4, 1338
0, 64
4, 933
4, 880
4, 824
1, 651
0, 64
4, 892
4, 889
4, 1442
4, 1194
0, 106
4, 900
4, 1453
4, 772
4, 2049
0, 76
4, 879
25, 5294
4, 1089
1, 685
1, 609
0, 61
4, 873
4, 869
1, 771
0, 76
4, 1619
4, 935
4, 995
1, 645
0, 38
4, 1478
4, 1067
0, 64
1, 779
0, 272
4, 872
0, 64
4, 813
4, 777
4, 958
1, 944
1, 867
0, 210
4, 822
4, 1464
1, 714
0, 79
4, 831
4, 806
0, 64
4, 768
1, 509
4, 923
1, 645
4, 952
1, 681
4, 988
1, 724
0, 64
4, 1655
0, 135
4, 1381
0, 35
4, 1565
4, 839
0, 210
1, 464
4, 1204
4, 787
4, 1051
0, 210
4, 1110
0, 366
0, 258
4, 831
4, 1093
4, 1308
1, 758
0, 76
4, 800
4, 932
4, 1052
0, 64
1, 415
0, 259
4, 857
4, 746
0, 245
0, 64
4, 837
4, 1218
4, 1061
25, 4087
4, 955
4, 1063
1, 737
4, 927
1, 722
4, 850
0, 276
0, 233
4, 750
4, 760
4, 815
1, 723
4, 1046
1, 678
4, 968
1, 584
0, 37
4, 931
0, 244
4, 903
1, 666
4, 897
0, 210
4, 954
4, 942
4, 744
4, 895
4, 845
0, 131
4, 810
0, 64
4, 922
4, 900
4, 1007
4, 825
1, 678
1, 782
0, 235
0, 44
4, 839
1, 427
0, 210
4, 1237
4, 844
1, 678
4, 818
1, 678
1, 751
0, 64
4, 878
1, 678
4, 3304
4, 846
0, 210
0, 35
4, 1085
4, 856
1, 678
1, 814
0, 64
4, 805
4, 900
4, 869
0, 228
0, 35
1, 886
1, 638
0, 76
5, 2511
0, 64
4, 930
4, 893
0, 210
0, 64
4, 1292
0, 64
4, 1086
4, 924
4, 886
1, 445
1, 484
4, 771
4, 878
4, 1205
4, 815
1, 678
4, 865
4, 748
4, 851
0, 210
0, 76
4, 1256
4, 859
4, 1232
4, 928
4, 962
4, 1457
0, 64
4, 798
0, 64
4, 1506
0, 76
1, 574
4, 952
4, 824
4, 910
4, 751
4, 902
4, 1146
0, 76
0, 213
4, 784
4, 1224
4, 947
1, 535
0, 85
4, 840
1, 678
4, 1110
4, 800
4, 1271
4, 1188
4, 833
4, 874
4, 811
1, 678
0, 213
4, 953
4, 1321
4, 1805
1, 678
4, 853
0, 210
4, 937
4, 852
4, 984
4, 871
4, 842
4, 778
4, 1319
4, 1176
4, 833
0, 210
4, 763
4, 1205
4, 958
4, 984
4, 934
1, 678
4, 951
4, 1725
0, 76
4, 895
0, 210
4, 1049
0, 64
1, 415
4, 788
4, 803
0, 64
4, 775
4, 894
0, 64
4, 1134
1, 678
0, 246
4, 863
4, 982
4, 948
4, 1079
0, 64
4, 820
0, 213
4, 854
1, 920
0, 42
4, 882
1, 678
0, 245
0, 64
4, 817
0, 64
4, 833
4, 851
1, 678
4, 915
4, 937
4, 1563
4, 948
1, 984
4, 799
4, 852
0, 210
4, 942
4, 901
4, 802
4, 868
4, 752
4, 792
0, 64
4, 834
4, 953
4, 988
1, 678
4, 878
0, 64
4, 835
4, 935
1, 678
4, 1028
0, 210
4, 756
4, 744
4, 860
1, 444
0, 64
4, 920
0, 210
4, 860
1, 678
4, 842
4, 802
0, 64
4, 755
4, 971
0, 238
4, 809
4, 1012
0, 64
4, 851
1, 678
4, 876
4, 878
0, 64
4, 884
4, 842
0, 274
0, 87
4, 933
0, 262
4, 1026
1, 723
0, 38
4, 842
4, 830
1, 678
4, 856
4, 825
4, 1032
4, 835
1, 677
1, 774
1, 736
0, 64
4, 856
0, 210
0, 64
4, 814
1, 678
1, 467
1, 678
4, 864
1, 678
4, 909
0, 655
0, 64
4, 1205
4, 825
4, 987
1, 696
0, 41
4, 800
1, 678
4, 1346
0, 92
0, 210
4, 764
4, 831
0, 64
4, 792
0, 64
4, 985
4, 1021
1, 678
4, 1163
0, 64
4, 753
0, 202
4, 1037
4, 1324
4, 1501
0, 107
4, 870
1, 658
0, 122
4, 938
4, 787
4, 816
4, 973
4, 905
1, 1064
4, 800
0, 64
4, 1021
4, 862
4, 1076
1, 821
0, 99
4, 908
4, 912
4, 1016
4, 863
1, 681
4, 849
4, 1370
4, 841
4, 881
4, 916
0, 210
25, 2919
4, 748
1, 767
4, 763
4, 881
1, 680
4, 1134
0, 64
4, 760
4, 803
4, 998
4, 752
4, 875
4, 792
1, 721
4, 808
4, 849
0, 210
0, 248
4, 996
4, 1299
4, 810
0, 64
4, 795
4, 927
1, 424
4, 960
4, 823
1, 904
0, 87
4, 1256
4, 868
1, 798
4, 858
4, 779
1, 697
4, 902
4, 766
0, 210
1, 445
0, 64
0, 255
4, 808
4, 799
1, 996
1, 779
4, 1197
1, 451
4, 1084
4, 1054
0, 265
0, 35
1, 424
0, 37
4, 1113
1, 748
4, 833
4, 942
4, 767
4, 821
1, 801
4, 1301
4, 880
4, 1082
4, 956
4, 1386
4, 849
4, 893
4, 1219
4, 1066
4, 1128
0, 196
4, 774
4, 901
4, 785
4, 972
4, 751
4, 798
4, 777
4, 804
0, 64
4, 831
0, 210
4, 803
0, 64
4, 758
1, 425
0, 309
4, 1279
4, 1034
4, 801
1, 398
0, 56
0, 210
0, 76
0, 35
1, 443
4, 857
0, 210
0, 64
4, 879
1, 440
4, 748
0, 213
4, 1011
4, 983
4, 1027
0, 64
4, 821
4, 1154
4, 819
4, 1267
0, 210
4, 778
4, 1092
4, 801
0, 262
0, 64
4, 880
4, 762
4, 873
4, 842
4, 983
0, 64
4, 859
4, 776
4, 819
0, 210
4, 761
4, 800
4, 752
4, 785
0, 64
4, 904
1, 426
4, 894
4, 938
0, 210
4, 912
0, 210
4, 905
0, 210
4, 874
0, 64
4, 1084
4, 880
1, 703
4, 1122
4, 855
4, 826
4, 805
4, 1216
4, 1691
4, 916
1, 631
0, 35
4, 1013
4, 992
0, 123
4, 989
0, 100
0, 210
4, 902
4, 855
1, 754
4, 813
4, 996
0, 224
0, 35
4, 1275
1, 732
4, 848
4, 1228
0, 64
4, 788
1, 452
4, 793
0, 64
4, 849
0, 210
4, 834
4, 1229
4, 1622
0, 64
4, 821
4, 1076
1, 445
0, 210
1, 701
4, 962
4, 780
4, 774
1, 416
0, 210
4, 777
4, 794
4, 882
0, 64
1, 444
4, 846
4, 842
4, 818
0, 64
4, 893
4, 793
0, 64
4, 941
0, 210
4, 967
0, 210
4, 830
0, 213
4, 928
4, 762
4, 1201
0, 35
4, 776
4, 855
4, 1064
1, 818
0, 69
4, 866
4, 884
0, 94
4, 938
0, 210
4, 1047
4, 859
4, 868
4, 1066
1, 455
0, 210
0, 35
4, 793
0, 64
4, 1954
0, 64
4, 754
4, 887
4, 792
4, 887
0, 210
4, 1008
4, 1437
4, 829
4, 832
4, 1183
4, 907
4, 994
4, 846
0, 210
0, 76
1, 754
1, 952
0, 115
0, 210
1, 881
0, 263
0, 76
0, 378
4, 1939
0, 115
0, 210
4, 761
4, 1144
4, 1116
4, 963
4, 784
1, 686
4, 872
0, 64
1, 976
0, 43
4, 812
4, 763
4, 873
4, 1036
4, 801
1, 722
0, 76
4, 798
4, 1008
4, 796
4, 815
1, 455
4, 808
4, 848
1, 446
4, 750
4, 1103
4, 818
0, 87
4, 1256
0, 64
4, 1136
1, 787
4, 827
4, 864
0, 64
4, 922
4, 1372
1, 913
0, 266
4, 809
4, 1175
4, 855
4, 797
4, 775
4, 783
4, 851
4, 1136
4, 756
4, 1247
4, 820
1, 769
4, 877
4, 1210
4, 801
4, 1033
4, 1176
1, 457
0, 210
4, 920
4, 899
4, 1697
4, 905
0, 64
4, 998
4, 1236
4, 1059
1, 650
4, 865
4, 1320
4, 1026
4, 1014
4, 805
4, 847
0, 210
4, 890
4, 786
0, 35
4, 848
0, 210
4, 1041
0, 64
4, 1120
0, 64
4, 759
4, 880
0, 64
4, 843
0, 219
4, 827
4, 916
4, 807
4, 1149
4, 950
0, 35
4, 837
4, 824
4, 861
4, 899
4, 1142
1, 592
4, 845
4, 914
4, 1020
4, 747
4, 1159
1, 687
4, 1025
1, 501
0, 102
4, 1228
4, 1090
0, 64
4, 961
4, 775
4, 1277
1, 426
0, 94
4, 808
1, 1022
4, 838
0, 210
4, 977
4, 753
4, 1017
4, 940
4, 1334
4, 805
0, 81
0, 210
0, 64
4, 813
4, 801
0, 64
4, 1203
4, 957
1, 352
0, 64
4, 858
4, 1560
4, 784
4, 896
1, 648
4, 844
1, 671
4, 812
4, 818
0, 64
4, 909
0, 210
4, 923
4, 764
4, 765
1, 928
0, 112
0, 265
4, 772
1, 424
0, 245
4, 863
4, 1086
4, 806
4, 945
4, 771
4, 1018
4, 807
4, 1339
0, 213
1, 347
4, 1369
1, 881
0, 210
4, 1478
4, 1079
4, 975
0, 240
4, 956
0, 210
4, 884
4, 822
4, 811
1, 1009
4, 914
0, 210
4, 915
0, 223
4, 849
4, 1318
4, 754
4, 1110
4, 864
1, 721
4, 1478
0, 210
4, 812
4, 860
4, 832
1, 444
4, 969
4, 760
4, 1089
4, 855
4, 855
0, 64
1, 484
0, 141
0, 80
4, 792
0, 64
4, 745
4, 853
4, 840
4, 820
4, 751
4, 818
0, 269
4, 806
4, 746
4, 852
4, 819
4, 804
0, 254
4, 800
4, 803
4, 1457
4, 817
4, 804
4, 806
4, 1106
0, 76
4, 853
1, 451
0, 275
4, 806
4, 804
4, 806
4, 857
4, 804
4, 805
4, 804
4, 806
4, 764
4, 802
4, 804
4, 919
4, 817
4, 806
0, 317
4, 853
4, 805
4, 803
4, 749
4, 802
4, 806
4, 800
4, 806
4, 805
1, 425
0, 64
4, 803
4, 804
4, 806
4, 806
4, 809
4, 806
4, 820
4, 804
4, 806
4, 852
4, 806
4, 806
4, 806
4, 806
4, 806
4, 806
4, 856
4, 806
4, 853
4, 806
4, 806
4, 806
4, 806
4, 806
4, 806
4, 806
1, 453
4, 810
4, 806
4, 806
4, 806
4, 816
4, 806
4, 822
1, 426
4, 806
4, 806
4, 852
4, 806
1, 781
0, 64
4, 806
4, 806
4, 851
4, 806
0, 206
0, 235
0, 64
4, 806
4, 806
4, 806
0, 267
4, 809
4, 806
1, 574
4, 854
4, 806
4, 806
4, 806
4, 1212
0, 35
4, 806
4, 806
4, 806
4, 806
4, 806
1, 448
0, 37
1, 422
0, 64
4, 806
4, 816
1, 592
0, 64
1, 454
0, 64
4, 851
4, 806
4, 806
4, 853
4, 806
4, 854
4, 806
4, 806
4, 806
4, 794
0, 64
4, 806
1, 426
4, 806
4, 854
4, 806
4, 806
4, 853
4, 852
4, 806
4, 806
4, 817
4, 806
4, 806
4, 806
4, 853
4, 806
4, 806
4, 806
4, 806
4, 806
4, 807
4, 806
4, 852
4, 806
4, 806
4, 806
4, 806
4, 851
4, 806
4, 806
4, 806
4, 806
1, 685
1, 595
0, 64
4, 806
4, 850
4, 806
0, 254
4, 806
4, 806
4, 806
4, 854
4, 806
4, 806
4, 806
4, 806
4, 806
4, 806
4, 805
4, 806
4, 806
4, 806
4, 806
4, 806
4, 806
4, 806
4, 806
4, 806
4, 806
4, 806
4, 806
4, 806
1, 408
0, 254
0, 35
4, 806
4, 806
4, 806
4, 806
4, 806
1, 425
4, 806
4, 806
4, 806
4, 806
4, 806
4, 806
4, 806
4, 806
4, 806
4, 853
1, 771
4, 802
4, 806
4, 816
4, 806
4, 806
4, 806
4, 806
4, 806
4, 806
1, 424
0, 35
4, 806
4, 806
4, 809
4, 806
4, 806
4, 806
4, 806
1, 426
1, 351
0, 64
4, 806
4, 806
4, 807
1, 451
4, 817
4, 806
4, 806
4, 805
4, 806
4, 806
4, 806
4, 806
4, 806
4, 806
4, 806
4, 806
4, 806
4, 806
4, 806
4, 806
4, 805
4, 806
4, 806
4, 806
4, 806
4, 806
4, 806
4, 806
4, 806
4, 806
1, 440
1, 876
0, 79
0, 210
4, 803
4, 806
4, 806
4, 806
4, 806
4, 805
4, 806
1, 424
0, 95
4, 854
1, 804
4, 853
4, 806
4, 740
4, 853
4, 806
4, 817
4, 851
4, 806
4, 806
4, 806
4, 806
4, 806
0, 82
4, 854
4, 806
4, 806
4, 806
1, 664
0, 76
4, 854
4, 806
1, 426
4, 806
4, 819
4, 806
4, 806
4, 806
4, 806
0, 260
4, 806
4, 806
4, 806
4, 806
4, 806
4, 806
4, 806
4, 806
4, 806
4, 806
1, 744
4, 803
4, 806
4, 806
4, 806
4, 806
4, 806
4, 806
4, 853
4, 806
4, 806
4, 806
1, 425
4, 803
4, 806
4, 806
4, 818
4, 806
4, 751
4, 802
4, 852
4, 815
4, 806
4, 806
0, 159
1, 469
0, 64
4, 806
4, 806
4, 806
4, 806
4, 806
4, 806
4, 806
4, 806
4, 853
4, 806
4, 806
4, 806
4, 852
4, 850
4, 806
4, 806
4, 806
4, 806
4, 806
4, 806
4, 806
4, 806
4, 806
4, 806
4, 806
4, 806
0, 82
4, 854
4, 806
4, 806
1, 451
4, 817
4, 800
4, 806
4, 806
4, 947
4, 856
4, 806
4, 814
4, 806
4, 806
4, 806
4, 806
4, 806
4, 806
4, 806
4, 854
4, 806
4, 806
4, 852
4, 860
4, 854
4, 806
4, 806
4, 851
4, 806
1, 485
0, 141
4, 854
4, 806
4, 806
4, 806
4, 819
0, 210
4, 863
4, 806
4, 806
4, 852
4, 806
4, 806
4, 806
4, 806
4, 806
4, 806
4, 805
4, 806
4, 806
4, 806
4, 806
4, 806
4, 806
4, 806
4, 806
4, 806
4, 806
1, 733
1, 485
4, 852
4, 806
4, 806
4, 806
4, 806
4, 806
4, 806
4, 806
4, 806
4, 806
4, 806
4, 806
4, 806
4, 806
4, 806
4, 819
4, 806
1, 548
0, 62
0, 210
4, 806
4, 806
4, 806
4, 804
4, 806
4, 806
4, 806
4, 805
4, 806
0, 267
4, 806
4, 805
4, 806
1, 786
0, 64
1, 455
4, 817
4, 854
4, 806
4, 806
4, 802
4, 854
4, 949
4, 854
0, 114
0, 64
4, 806
4, 806
1, 721
4, 803
4, 806
4, 806
4, 806
4, 806
4, 806
4, 806
4, 853
4, 806
4, 806
4, 806
4, 806
4, 806
4, 806
4, 806
4, 806
4, 806
4, 806
4, 806
4, 806
4, 806
4, 806
4, 806
4, 806
4, 806
4, 806
4, 806
4, 852
4, 806
4, 853
4, 807
4, 806
4, 806
4, 806
4, 806
4, 852
4, 852
4, 806
0, 191
4, 809
4, 806
4, 806
4, 806
1, 426
4, 806
4, 806
4, 806
4, 852
4, 806
4, 806
4, 806
4, 806
4, 806
4, 806
4, 806
4, 806
0, 63
4, 807
4, 806
4, 806
4, 806
4, 806
4, 805
4, 806
1, 908
0, 43
0, 191
4, 853
4, 806
4, 806
4, 806
4, 806
4, 806
4, 806
4, 806
4, 806
1, 368
4, 806
4, 806
4, 806
4, 806
4, 806
4, 854
4, 806
4, 853
4, 806
4, 806
4, 806
4, 806
4, 806
4, 1227
4, 806
1, 416
4, 807
4, 849
4, 806
4, 806
4, 806
4, 806
4, 817
4, 806
4, 806
1, 444
4, 807
4, 806
4, 806
4, 853
4, 806
4, 806
1, 628
0, 35
4, 806
4, 806
0, 330
4, 854
4, 806
4, 806
4, 806
4, 806
4, 803
4, 806
4, 806
0, 64
4, 816
4, 806
4, 806
1, 649
4, 853
1, 416
4, 853
0, 267
0, 64
4, 818
4, 806
4, 806
4, 806
4, 806
4, 806
4, 806
4, 854
4, 803
4, 853
4, 806
4, 806
4, 806
4, 851
4, 806
4, 806
4, 817
1, 455
4, 817
4, 806
4, 806
1, 659
4, 802
4, 806
1, 368
4, 806
4, 844
4, 854
4, 806
4, 806
4, 806
4, 806
4, 806
4, 806
4, 806
4, 806
4, 806
4, 806
4, 806
4, 806
4, 806
4, 805
4, 806
0, 35
4, 806
4, 806
4, 806
4, 806
4, 852
4, 806
1, 426
4, 854
4, 844
4, 856
4, 806
4, 806
4, 806
4, 806
4, 852
4, 806
4, 806
4, 806
4, 852
4, 806
4, 816
4, 806
4, 806
4, 806
4, 806
4, 852
4, 805
4, 806
4, 844
4, 806
4, 806
4, 806
1, 685
4, 853
4, 806
4, 806
4, 806
4, 806
4, 806
4, 806
4, 748
0, 76
0, 239
0, 35
4, 806
0, 82
4, 854
4, 806
4, 806
4, 806
4, 806
1, 685
4, 853
4, 818
1, 444
4, 807
4, 806
4, 806
4, 806
4, 808
4, 806
1, 426
4, 809
4, 854
4, 854
1, 786
4, 806
4, 806
4, 806
4, 806
4, 806
4, 806
4, 806
4, 806
4, 806
4, 806
4, 806
4, 806
4, 806
4, 805
1, 454
4, 817
4, 854
4, 806
4, 815
4, 817
4, 806
4, 806
1, 774
4, 853
4, 806
4, 806
4, 806
4, 806
4, 806
4, 806
4, 822
1, 426
4, 806
4, 806
4, 806
4, 806
4, 806
4, 805
4, 806
4, 806
4, 804
4, 806
4, 805
4, 806
4, 806
4, 805
4, 806
4, 806
4, 806
4, 806
4, 806
4, 797
1, 426
4, 853
4, 809
4, 806
4, 806
4, 805
4, 806
4, 806
4, 806
4, 806
4, 808
4, 806
4, 806
4, 852
4, 806
4, 806
4, 806
4, 806
4, 806
4, 806
4, 806
4, 806
4, 806
4, 814
4, 816
4, 806
4, 806
4, 937
0, 210
1, 362
0, 211
0, 76
4, 854
4, 806
4, 806
4, 806
4, 806
4, 819
4, 806
4, 855
4, 806
4, 806
4, 806
4, 806
4, 806
4, 806
4, 806
4, 806
4, 806
4, 806
4, 853
1, 424
4, 817
1, 425
4, 806
4, 806
4, 806
4, 806
4, 806
4, 806
4, 806
4, 806
4, 806
4, 806
4, 806
1, 434
4, 807
4, 814
4, 806
4, 806
4, 806
4, 803
4, 806
0, 66
1, 744
0, 64
4, 806
4, 806
4, 806
4, 806
4, 806
4, 806
4, 806
0, 233
0, 35
4, 806
4, 806
4, 806
4, 806
1, 445
4, 807
1, 908
0, 475
4, 807
4, 806
4, 806
4, 806
4, 806
4, 806
4, 851
4, 806
4, 849
4, 806
0, 100
0, 268
4, 806
4, 806
4, 806
4, 806
4, 806
4, 806
1, 872
0, 451
4, 806
4, 806
4, 854
4, 806
1, 914
4, 806
1, 455
4, 817
4, 806
4, 806
4, 807
4, 806
4, 806
0, 66
4, 817
4, 806
4, 806
4, 806
4, 806
4, 806
4, 806
4, 806
4, 806
4, 806
4, 806
4, 806
4, 805
1, 425
4, 806
4, 851
4, 806
4, 806
4, 806
4, 806
4, 850
4, 806
4, 806
4, 806
4, 806
4, 806
4, 805
4, 806
4, 806
1, 624
4, 810
4, 852
4, 806
4, 806
4, 806
4, 806
4, 806
4, 806
4, 854
0, 233
4, 853
4, 806
4, 806
1, 440
4, 807
4, 806
4, 806
4, 806
4, 806
4, 816
4, 843
4, 850
4, 806
0, 156
1, 722
4, 804
4, 806
1, 425
0, 211
4, 806
4, 806
4, 806
4, 806
4, 806
4, 806
4, 806
4, 806
4, 806
4, 806
4, 806
4, 806
4, 806
4, 806
4, 806
4, 806
4, 806
4, 806
4, 806
4, 805
4, 806
4, 857
4, 806
4, 806
4, 806
4, 806
4, 806
4, 854
4, 806
4, 806
4, 806
1, 425
4, 806
4, 809
4, 806
4, 806
4, 806
4, 806
4, 806
4, 844
4, 806
1, 426
4, 806
4, 806
4, 806
4, 806
4, 806
4, 806
4, 806
4, 851
4, 847
4, 806
4, 806
4, 806
4, 806
4, 809
4, 806
1, 426
4, 806
4, 806
4, 806
1, 440
4, 807
4, 806
4, 807
4, 817
4, 806
4, 806
4, 806
4, 806
1, 446
4, 807
4, 806
4, 806
4, 853
4, 806
4, 805
4, 806
4, 806
4, 809
4, 806
4, 806
4, 806
4, 806
4, 805
4, 816
4, 770
4, 854
4, 757
4, 802
4, 806
4, 806
1, 859
0, 64
4, 806
4, 806
4, 806
4, 806
4, 806
4, 806
4, 806
4, 806
4, 806
4, 806
4, 847
4, 806
4, 806
4, 806
4, 851
4, 806
4, 806
4, 806
4, 854
4, 806
4, 806
4, 806
4, 806
4, 806
4, 806
4, 851
4, 806
1, 459
4, 854
4, 806
4, 806
4, 806
0, 99
4, 854
4, 1235
0, 76
4, 854
4, 806
4, 806
4, 806
4, 806
1, 678
4, 854
4, 806
4, 806
4, 806
4, 806
4, 806
4, 806
4, 806
1, 514
0, 100
0, 210
4, 803
1, 735
4, 802
4, 806
4, 806
0, 212
4, 808
4, 851
4, 806
4, 806
4, 806
4, 806
4, 806
4, 806
4, 806
4, 806
4, 806
0, 255
4, 853
4, 806
4, 806
4, 806
4, 806
4, 806
0, 263
4, 806
4, 809
4, 806
4, 806
4, 850
4, 806
4, 806
4, 806
4, 806
4, 806
4, 806
4, 806
4, 806
4, 806
4, 806
1, 678
4, 854
4, 806
4, 806
4, 806
4, 806
4, 806
0, 263
4, 806
4, 806
4, 806
4, 804
0, 317
4, 854
4, 806
4, 806
4, 806
4, 806
4, 800
4, 806
4, 852
4, 806
4, 806
4, 806
4, 806
4, 806
4, 806
4, 806
4, 806
4, 806
4, 806
4, 806
4, 806
4, 795
4, 806
4, 806
4, 806
4, 806
4, 806
4, 806
4, 806
4, 806
4, 806
4, 806
4, 806
4, 806
4, 806
4, 806
4, 806
1, 426
4, 806
4, 806
4, 806
4, 806
4, 806
4, 806
4, 854
4, 806
4, 806
4, 806
4, 806
4, 806
4, 806
4, 806
4, 806
4, 806
4, 806
4, 806
4, 806
4, 806
4, 806
4, 806
4, 806
4, 806
1, 638
4, 806
4, 806
4, 806
4, 806
4, 806
1, 656
4, 806
1, 870
0, 235
0, 76
4, 854
4, 806
4, 806
4, 806
4, 856
4, 806
4, 806
4, 806
4, 806
4, 806
1, 451
4, 817
4, 806
4, 806
4, 806
4, 806
4, 806
0, 267
1, 745
4, 854
4, 854
4, 806
4, 806
4, 806
4, 806
4, 806
4, 806
4, 806
4, 806
4, 806
4, 806
4, 806
4, 853
4, 806
4, 806
4, 806
4, 806
1, 455
4, 817
4, 806
4, 806
4, 806
4, 806
4, 806
4, 806
4, 806
4, 806
1, 646
0, 35
4, 806
4, 806
4, 806
4, 806
4, 806
4, 854
4, 805
4, 806
1, 456
4, 817
4, 806
4, 806
4, 806
4, 806
0, 236
0, 76
4, 854
4, 806
4, 806
4, 806
4, 806
4, 806
1, 812
0, 91
4, 854
4, 816
4, 806
4, 806
4, 806
1, 772
4, 803
4, 806
4, 806
4, 806
4, 806
4, 806
4, 806
1, 424
4, 817
4, 806
4, 806
1, 448
0, 182
4, 853
4, 806
4, 815
0, 317
4, 854
4, 853
0, 82
4, 854
4, 854
4, 856
4, 806
4, 806
4, 800
4, 844
1, 455
4, 817
1, 426
4, 806
4, 806
4, 806
1, 763
4, 803
4, 806
1, 426
0, 227
4, 806
4, 2029
4, 806
4, 806
4, 806
1, 453
4, 807
4, 814
4, 806
4, 806
4, 806
4, 815
4, 806
0, 233
4, 806
1, 426
4, 806
4, 806
4, 806
4, 806
1, 548
0, 468
4, 817
4, 845
4, 806
4, 806
4, 806
4, 806
4, 806
4, 806
4, 806
4, 806
4, 824
4, 806
4, 806
4, 851
4, 806
4, 806
4, 805
4, 854
4, 806
4, 806
4, 854
0, 242
4, 854
4, 806
0, 103
0, 210
4, 802
4, 806
4, 806
4, 806
4, 806
4, 806
4, 806
4, 806
4, 806
0, 255
0, 64
4, 806
4, 851
4, 804
4, 806
4, 806
4, 806
4, 806
4, 806
4, 806
4, 809
4, 806
1, 577
4, 854
4, 805
4, 806
4, 806
4, 851
4, 806
4, 806
4, 806
4, 806
4, 806
4, 806
1, 451
4, 817
4, 806
4, 806
4, 806
4, 806
0, 261
4, 854
4, 806
4, 806
4, 806
4, 806
4, 806
4, 806
4, 806
4, 806
0, 233
4, 803
4, 806
4, 806
4, 806
4, 806
1, 451
4, 817
1, 625
4, 803
4, 806
4, 806
4, 806
0, 100
0, 210
4, 806
0, 205
4, 806
4, 806
4, 806
4, 806
4, 806
4, 806
4, 806
4, 806
0, 82
4, 854
4, 806
4, 806
4, 806
4, 806
4, 854
4, 816
4, 806
4, 806
4, 806
4, 806
4, 806
4, 806
4, 806
4, 816
4, 806
4, 806
4, 806
4, 806
4, 806
4, 806
4, 1187
4, 806
4, 805
4, 806
4, 806
4, 803
4, 806
4, 806
0, 262
4, 802
4, 806
4, 806
1, 660
0, 76
4, 854
4, 851
4, 806
4, 806
4, 806
0, 223
4, 803
4, 816
4, 806
4, 806
4, 806
4, 806
4, 806
4, 851
4, 844
4, 806
4, 806
4, 806
4, 806
4, 806
4, 806
4, 806
4, 806
4, 806
4, 806
4, 806
4, 806
4, 816
4, 806
4, 806
4, 806
4, 806
0, 233
0, 260
4, 803
4, 806
4, 806
4, 806
4, 806
4, 806
4, 806
4, 806
4, 806
4, 806
1, 456
0, 210
4, 806
4, 806
4, 806
4, 806
4, 806
4, 806
4, 806
4, 806
4, 806
4, 803
4, 806
4, 806
4, 806
4, 806
4, 806
4, 806
4, 806
4, 806
4, 806
4, 806
4, 806
4, 806
4, 806
1, 636
0, 35
4, 806
4, 806
4, 806
1, 440
4, 807
4, 806
4, 806
4, 806
4, 806
4, 806
4, 806
4, 806
4, 806
4, 808
1, 703
4, 854
4, 806
4, 806
4, 806
4, 805
4, 854
4, 806
4, 806
4, 806
4, 806
4, 806
4, 806
4, 806
4, 806
4, 814
0, 64
4, 806
4, 806
4, 806
4, 806
4, 806
4, 806
4, 844
4, 1233
4, 806
4, 806
4, 806
4, 1526
0, 64
4, 806
4, 806
4, 806
4, 806
4, 853
4, 806
4, 806
4, 806
4, 806
0, 233
4, 802
1, 425
4, 816
4, 806
4, 806
4, 806
4, 806
4, 806
4, 806
4, 808
4, 804
4, 806
4, 806
4, 806
4, 806
4, 806
4, 806
4, 806
4, 806
1, 540
4, 817
1, 838
0, 507
4, 806
4, 806
4, 806
4, 806
0, 255
4, 802
4, 806
4, 806
4, 847
4, 806
4, 806
1, 548
4, 806
4, 806
0, 317
4, 854
4, 854
4, 806
4, 806
4, 806
4, 850
4, 1207
4, 806
4, 806
4, 806
4, 806
4, 806
4, 806
4, 806
1, 717
0, 64
4, 806
4, 806
4, 806
4, 806
4, 806
4, 806
4, 851
4, 806
4, 820
4, 851
4, 806
4, 806
4, 800
1, 448
0, 64
4, 806
4, 806
4, 840
4, 806
4, 806
4, 805
4, 806
4, 806
4, 806
4, 806
4, 806
4, 806
4, 806
4, 806
4, 844
4, 795
4, 795
1, 700
0, 241
0, 64
4, 795
4, 854
4, 795
4, 795
4, 794
4, 795
4, 795
4, 795
4, 795
1, 591
0, 64
4, 795
4, 797
1, 426
4, 792
4, 795
4, 795
4, 795
4, 795
4, 795
4, 795
4, 795
4, 795
1, 416
4, 796
4, 855
4, 795
4, 795
1, 422
4, 797
4, 795
4, 853
4, 795
4, 795
4, 795
0, 66
4, 818
4, 795
4, 795
4, 795
1, 700
4, 854
4, 795
4, 795
4, 795
4, 795
4, 795
4, 795
4, 794
4, 795
4, 795
4, 795
4, 795
4, 795
4, 821
4, 795
4, 795
4, 795
4, 795
1, 677
0, 102
4, 853
4, 795
4, 795
4, 795
4, 795
4, 795
0, 100
0, 210
0, 320
1, 742
4, 796
4, 795
4, 795
4, 795
1, 426
4, 795
4, 795
4, 795
4, 795
4, 795
4, 796
4, 795
0, 267
4, 821
1, 712
4, 855
4, 795
4, 795
4, 795
4, 795
1, 426
4, 795
4, 795
4, 795
4, 795
1, 426
4, 795
4, 795
4, 795
4, 795
4, 795
4, 795
4, 795
1, 857
0, 38
4, 795
4, 795
4, 795
0, 58
0, 210
4, 795
1, 422
4, 817
0, 212
4, 795
4, 856
4, 795
1, 469
4, 796
4, 795
4, 795
4, 854
4, 795
4, 795
4, 795
4, 795
4, 795
1, 458
0, 35
4, 795
0, 255
0, 35
4, 795
0, 205
4, 795
4, 795
4, 795
4, 795
4, 795
4, 795
4, 795
4, 795
4, 795
4, 795
4, 795
4, 795
4, 795
4, 795
4, 795
4, 795
4, 795
4, 795
4, 795
1, 425
1, 678
1, 469
4, 854
1, 756
4, 853
4, 795
4, 795
4, 795
4, 795
4, 795
4, 795
0, 317
1, 500
4, 795
4, 795
4, 795
4, 795
4, 795
4, 795
4, 795
1, 483
0, 67
0, 210
4, 795
4, 795
4, 795
4, 795
4, 795
4, 795
1, 453
4, 796
4, 795
4, 795
4, 795
1, 351
0, 64
4, 795
4, 795
4, 795
4, 795
4, 795
4, 853
4, 795
4, 851
4, 795
4, 795
4, 795
4, 795
4, 795
4, 795
4, 795
4, 795
4, 795
4, 795
4, 795
4, 795
4, 795
4, 795
4, 795
4, 795
4, 817
4, 795
4, 794
4, 795
4, 795
4, 795
4, 795
4, 795
0, 369
4, 815
4, 850
1, 434
4, 855
4, 795
4, 795
4, 795
0, 126
0, 64
4, 795
4, 795
4, 794
4, 795
4, 795
4, 795
4, 821
1, 819
0, 326
0, 76
4, 854
4, 854
4, 813
4, 817
4, 795
4, 795
4, 795
1, 435
4, 817
4, 796
4, 795
4, 795
4, 795
4, 795
4, 816
4, 795
4, 795
4, 795
4, 796
4, 795
4, 795
4, 795
4, 795
4, 795
4, 795
4, 795
4, 795
4, 795
4, 795
4, 795
4, 795
4, 795
4, 795
4, 795
4, 852
4, 795
4, 795
4, 795
4, 816
0, 42
4, 854
1, 440
4, 796
4, 795
4, 795
4, 795
4, 795
4, 795
4, 795
4, 795
4, 795
4, 795
4, 795
4, 850
4, 795
4, 1760
0, 64
4, 795
4, 795
1, 779
0, 64
4, 795
1, 695
4, 854
4, 795
4, 851
1, 425
4, 795
4, 795
4, 795
4, 813
4, 817
4, 795
4, 795
4, 795
4, 795
4, 795
4, 855
0, 233
4, 803
4, 795
4, 795
4, 795
4, 795
4, 795
4, 817
4, 795
4, 795
4, 795
4, 795
4, 795
4, 795
4, 795
4, 795
4, 795
4, 795
1, 426
4, 817
4, 795
4, 795
4, 795
4, 795
4, 795
4, 795
4, 795
4, 795
4, 795
4, 795
4, 816
4, 795
4, 795
4, 795
4, 795
4, 795
4, 793
4, 795
4, 795
4, 850
4, 850
4, 796
4, 795
4, 795
4, 795
4, 795
4, 795
4, 795
4, 795
4, 796
1, 483
4, 796
4, 850
4, 795
4, 795
4, 902
0, 140
4, 796
4, 795
4, 795
4, 795
4, 795
4, 795
1, 762
0, 35
4, 795
4, 795
4, 795
4, 795
4, 795
4, 795
4, 814
4, 795
4, 795
4, 795
4, 851
4, 795
4, 795
4, 795
4, 798
4, 817
4, 851
4, 795
4, 857
4, 795
4, 795
0, 64
4, 795
4, 795
4, 795
4, 795
4, 795
4, 795
4, 795
4, 795
4, 795
4, 794
4, 795
4, 795
4, 795
4, 795
4, 795
4, 795
4, 816
4, 795
4, 795
4, 855
4, 795
4, 795
4, 795
4, 795
4, 795
1, 374
0, 210
4, 795
4, 795
4, 852
4, 795
4, 795
4, 795
4, 795
4, 852
4, 795
1, 434
4, 796
4, 795
4, 795
4, 795
4, 795
4, 813
4, 817
4, 795
4, 795
4, 795
4, 795
4, 795
1, 955
0, 210
4, 795
4, 795
4, 795
1, 453
4, 796
4, 795
4, 795
4, 795
4, 795
4, 852
4, 795
4, 795
4, 795
4, 795
4, 795
4, 795
4, 795
4, 795
4, 795
1, 426
1, 426
4, 795
4, 795
4, 794
4, 795
4, 795
4, 795
4, 795
4, 795
4, 795
4, 795
4, 795
4, 795
4, 795
4, 795
4, 795
4, 795
4, 795
4, 795
4, 795
4, 795
4, 795
4, 795
4, 795
4, 795
4, 795
4, 794
4, 795
4, 795
4, 795
4, 1297
0, 35
4, 795
4, 795
4, 795
4, 854
4, 795
4, 795
4, 851
4, 795
4, 795
1, 426
1, 645
4, 854
4, 795
4, 795
4, 795
4, 795
4, 795
4, 814
4, 816
4, 795
4, 795
4, 795
1, 425
4, 795
4, 795
4, 849
4, 795
4, 795
4, 795
4, 795
4, 795
4, 795
4, 795
4, 795
4, 795
4, 795
4, 817
4, 795
4, 795
4, 795
4, 795
4, 795
4, 795
4, 796
4, 795
4, 795
0, 233
4, 802
4, 795
4, 795
1, 425
4, 795
4, 795
4, 795
4, 795
4, 795
4, 795
4, 795
4, 795
4, 795
4, 795
4, 795
4, 795
4, 795
4, 795
4, 795
4, 795
4, 795
1, 451
4, 817
4, 851
4, 816
4, 795
4, 854
1, 518
4, 852
4, 795
4, 795
4, 849
4, 795
4, 795
4, 795
0, 82
0, 212
4, 795
4, 795
4, 795
4, 795
4, 795
4, 795
4, 795
4, 795
4, 853
1, 762
0, 76
4, 854
4, 795
4, 795
4, 795
4, 795
4, 795
4, 853
4, 795
4, 795
4, 795
4, 795
4, 795
4, 795
4, 795
4, 795
4, 795
4, 795
4, 796
4, 795
4, 795
4, 852
4, 795
4, 795
4, 795
4, 795
4, 795
4, 795
4, 795
4, 795
0, 255
4, 798
4, 795
4, 795
4, 1004
4, 854
0, 64
4, 795
4, 795
4, 795
4, 853
4, 795
4, 795
4, 795
4, 795
4, 795
4, 795
4, 795
4, 1081
4, 852
4, 795
1, 447
1, 704
0, 213
4, 795
4, 795
4, 795
4, 795
4, 795
4, 795
4, 795
4, 821
1, 443
0, 393
4, 857
4, 795
4, 795
4, 793
4, 795
4, 795
1, 695
4, 854
4, 795
4, 795
4, 795
4, 795
4, 795
4, 853
4, 795
4, 816
4, 795
4, 795
4, 795
4, 795
4, 795
4, 795
4, 795
4, 795
4, 795
4, 797
4, 795
4, 795
1, 617
4, 803
4, 795
4, 850
4, 795
4, 795
4, 795
4, 795
4, 816
4, 795
1, 425
4, 1273
0, 64
4, 818
4, 795
4, 795
4, 795
4, 795
4, 795
4, 795
4, 854
4, 795
4, 795
4, 795
4, 795
4, 795
4, 795
1, 426
4, 795
4, 795
4, 795
4, 795
4, 852
4, 795
4, 795
4, 795
4, 795
4, 795
4, 795
4, 795
4, 795
4, 819
4, 795
4, 795
1, 656
4, 796
4, 795
4, 795
4, 795
4, 795
4, 795
4, 795
4, 795
4, 795
0, 100
0, 210
4, 795
4, 816
4, 795
4, 795
4, 795
4, 795
4, 795
4, 795
4, 795
4, 795
1, 425
1, 791
4, 795
4, 795
4, 795
4, 795
4, 795
1, 425
4, 795
1, 444
4, 796
4, 795
4, 795
4, 795
4, 795
4, 795
4, 817
4, 821
4, 795
4, 794
4, 795
4, 852
4, 795
4, 821
4, 795
1, 425
4, 795
4, 795
4, 851
4, 795
4, 795
4, 795
4, 795
4, 795
4, 795
4, 795
1, 454
4, 817
4, 795
4, 818
4, 794
4, 796
4, 795
0, 210
4, 795
4, 795
4, 795
4, 795
4, 795
4, 817
0, 191
4, 852
4, 795
4, 795
4, 795
4, 758
4, 802
4, 795
4, 795
4, 795
4, 795
4, 795
4, 854
4, 795
4, 795
4, 795
1, 440
4, 854
4, 795
4, 852
4, 795
4, 795
4, 795
4, 795
4, 795
4, 795
0, 261
1, 416
4, 795
4, 816
4, 795
4, 795
4, 795
4, 796
4, 795
4, 795
1, 440
4, 796
4, 795
4, 794
4, 795
4, 795
4, 795
1, 684
4, 802
4, 817
0, 82
4, 854
4, 795
4, 794
4, 795
4, 795
4, 795
4, 795
4, 795
4, 795
4, 795
1, 483
1, 522
0, 266
4, 795
0, 255
1, 423
4, 835
4, 817
4, 795
4, 795
4, 795
1, 843
4, 853
4, 795
4, 795
4, 795
4, 795
4, 854
4, 795
4, 795
4, 816
4, 795
4, 795
4, 795
4, 795
4, 795
4, 795
4, 795
4, 795
4, 815
4, 795
4, 795
1, 693
4, 803
4, 795
4, 795
4, 794
4, 795
4, 796
1, 440
4, 796
4, 795
4, 795
4, 852
4, 795
4, 795
4, 795
4, 795
1, 448
4, 817
0, 99
4, 854
4, 795
1, 453
4, 795
4, 795
4, 795
4, 795
4, 795
4, 795
4, 795
4, 857
4, 795
4, 795
4, 795
4, 1249
0, 64
4, 795
4, 795
4, 795
4, 795
4, 795
1, 455
0, 185
4, 803
4, 795
4, 795
4, 795
4, 795
4, 795
4, 821
4, 795
4, 816
4, 795
4, 795
4, 795
4, 795
4, 795
4, 797
4, 795
4, 795
4, 796
4, 795
4, 795
4, 795
4, 795
4, 795
4, 795
4, 796
4, 795
4, 795
4, 795
4, 795
4, 795
4, 851
4, 798
4, 1576
0, 64
4, 795
4, 854
4, 795
4, 795
4, 795
4, 795
4, 795
4, 795
4, 795
1, 511
4, 795
4, 795
4, 795
4, 795
4, 795
4, 795
4, 795
4, 795
0, 212
4, 795
4, 795
4, 795
4, 851
4, 795
4, 795
4, 795
4, 795
0, 191
0, 118
4, 855
1, 426
4, 795
4, 814
4, 850
4, 795
4, 795
4, 795
4, 816
1, 512
4, 795
4, 853
4, 795
4, 795
4, 795
4, 795
4, 854
4, 795
4, 795
4, 795
1, 426
4, 795
4, 795
4, 795
4, 795
4, 849
4, 795
4, 855
4, 795
4, 795
1, 480
4, 796
4, 795
4, 795
4, 740
0, 243
0, 76
4, 854
4, 795
4, 795
0, 254
0, 76
4, 855
4, 795
4, 795
4, 795
1, 789
4, 817
4, 795
4, 851
4, 795
4, 795
1, 448
4, 796
4, 795
1, 426
1, 425
4, 795
4, 796
0, 100
0, 210
4, 795
4, 795
1, 426
4, 795
4, 796
4, 795
4, 795
1, 685
4, 853
4, 795
4, 795
4, 795
4, 795
4, 795
4, 795
4, 795
4, 795
4, 795
4, 795
4, 794
4, 795
4, 852
4, 795
4, 795
1, 466
0, 263
4, 855
4, 795
4, 795
4, 795
4, 795
4, 795
0, 95
4, 854
1, 682
1, 484
4, 854
4, 816
4, 795
4, 795
4, 795
4, 795
4, 795
1, 425
1, 700
4, 854
4, 795
4, 795
4, 795
4, 795
1, 440
4, 796
4, 854
4, 795
0, 171
0, 76
4, 854
4, 795
4, 795
0, 646
0, 64
4, 795
4, 795
4, 795
4, 795
4, 854
4, 795
4, 795
4, 853
4, 795
4, 795
4, 1238
4, 795
4, 820
1, 426
1, 426
1, 426
1, 426
1, 426
1, 426
1, 426
1, 426
1, 426
1, 426
1, 426
1, 426
1, 426
1, 426
1, 426
1, 426
1, 426
1, 426
1, 426
1, 443
0, 265
1, 426
1, 426
1, 426
1, 426
4, 795
1, 426
1, 426
1, 426
1, 426
4, 821
4, 795
4, 857
1, 426
1, 426
4, 852
1, 426
1, 426
1, 440
1, 427
0, 262
1, 426
1, 426
0, 191
4, 795
1, 426
1, 426
1, 426
1, 426
4, 821
4, 795
4, 795
1, 426
1, 426
4, 795
1, 426
1, 426
1, 426
4, 795
1, 513
1, 426
1, 426
4, 795
1, 426
1, 426
4, 795
1, 426
1, 426
1, 426
4, 795
1, 426
1, 426
4, 795
1, 426
1, 426
4, 852
4, 850
4, 795
1, 426
4, 821
4, 795
1, 426
1, 426
4, 795
1, 426
1, 426
4, 796
1, 426
1, 426
4, 795
0, 312
0, 76
4, 854
1, 426
1, 426
4, 816
1, 426
1, 426
4, 795
1, 426
1, 426
4, 795
1, 426
1, 426
4, 795
1, 426
4, 795
1, 717
4, 855
1, 426
1, 426
4, 795
1, 426
4, 853
1, 426
4, 795
1, 426
0, 212
4, 795
1, 426
1, 426
1, 426
1, 426
4, 795
1, 426
4, 795
1, 426
1, 426
4, 795
1, 780
0, 35
1, 426
4, 795
1, 426
1, 426
4, 795
1, 426
4, 795
4, 816
1, 426
1, 426
4, 795
1, 426
4, 851
4, 796
1, 426
1, 426
4, 795
1, 426
4, 796
1, 426
4, 795
0, 210
1, 426
4, 792
1, 426
1, 426
1, 426
1, 426
4, 795
1, 426
1, 426
4, 795
1, 426
0, 212
4, 795
1, 426
0, 121
1, 427
1, 426
4, 795
0, 298
0, 64
1, 426
1, 678
4, 854
1, 426
4, 795
1, 426
0, 233
4, 803
1, 426
1, 426
1, 426
4, 795
0, 37
0, 284
4, 854
1, 426
4, 795
1, 426
1, 426
4, 795
1, 426
4, 795
1, 426
1, 724
1, 636
4, 854
1, 426
1, 426
1, 426
4, 821
1, 426
4, 795
1, 426
4, 795
1, 426
4, 795
1, 426
1, 426
4, 795
1, 426
4, 795
1, 426
4, 795
1, 426
4, 795
1, 426
4, 795
4, 851
1, 426
1, 425
1, 426
1, 426
1, 426
1, 424
4, 817
1, 426
4, 795
1, 426
4, 795
1, 426
4, 795
1, 426
1, 426
4, 795
4, 852
4, 795
4, 795
4, 795
1, 448
4, 856
4, 795
4, 795
4, 795
1, 455
4, 1701
4, 817
4, 795
4, 819
4, 820
4, 795
1, 424
4, 817
1, 426
4, 796
4, 795
1, 426
4, 794
4, 795
4, 849
1, 426
4, 795
4, 795
1, 426
4, 795
4, 795
4, 795
4, 795
4, 795
4, 854
1, 1033
4, 802
1, 426
1, 426
1, 426
1, 426
1, 426
1, 464
0, 210
4, 795
4, 795
4, 795
4, 795
4, 795
4, 795
4, 795
4, 795
4, 795
4, 795
4, 795
4, 795
4, 795
4, 816
4, 795
4, 795
4, 795
4, 795
4, 795
4, 795
4, 815
4, 795
4, 795
4, 795
4, 795
4, 815
4, 795
4, 795
1, 448
4, 817
4, 851
4, 817
4, 795
4, 795
4, 795
4, 795
1, 777
0, 64
4, 795
4, 795
0, 254
1, 426
4, 852
4, 795
4, 795
4, 795
4, 795
4, 795
4, 854
4, 795
4, 852
1, 907
0, 228
4, 802
4, 795
4, 795
4, 795
1, 426
4, 795
4, 854
4, 795
4, 795
4, 795
4, 795
4, 795
4, 795
4, 795
4, 795
4, 795
4, 795
4, 795
4, 795
4, 795
4, 795
4, 795
4, 795
4, 795
4, 795
4, 1165
4, 854
4, 795
4, 795
4, 795
4, 795
4, 797
4, 795
4, 795
1, 448
4, 817
4, 795
4, 795
4, 795
0, 191
0, 64
1, 697
4, 854
4, 797
4, 1423
4, 856
1, 426
4, 795
4, 795
4, 854
4, 795
0, 82
4, 854
4, 795
1, 426
4, 795
4, 851
4, 854
4, 795
4, 794
4, 795
4, 796
4, 795
4, 851
4, 795
4, 795
4, 795
4, 795
4, 795
4, 795
4, 795
4, 795
4, 795
1, 453
4, 796
4, 795
4, 793
4, 795
4, 795
4, 797
4, 795
1, 426
4, 799
4, 816
4, 795
4, 795
4, 795
4, 795
4, 795
1, 426
4, 816
4, 795
4, 795
4, 795
4, 852
4, 795
4, 795
4, 795
4, 795
4, 795
4, 795
4, 819
4, 796
4, 795
1, 422
4, 796
4, 795
4, 795
4, 806
1, 571
4, 854
4, 795
4, 795
4, 795
4, 795
4, 795
4, 795
4, 795
4, 795
1, 511
4, 795
4, 795
4, 795
4, 817
4, 795
4, 795
4, 795
4, 794
4, 795
4, 795
4, 795
4, 795
4, 851
0, 100
0, 210
4, 795
4, 795
4, 795
4, 795
4, 795
4, 853
4, 795
4, 795
4, 795
4, 795
4, 794
4, 795
4, 795
4, 795
4, 795
4, 796
4, 795
4, 795
4, 852
1, 453
0, 268
4, 798
1, 678
4, 854
4, 817
4, 795
1, 444
4, 796
4, 795
4, 795
4, 795
4, 795
4, 853
4, 854
4, 795
4, 795
4, 795
4, 795
4, 795
4, 795
4, 795
4, 795
4, 795
4, 795
4, 795
4, 795
4, 796
4, 795
4, 795
4, 795
4, 795
4, 795
4, 795
4, 795
4, 744
0, 213
5, 2018
4, 795
4, 795
4, 795
4, 795
4, 796
4, 795
4, 795
4, 795
4, 795
4, 795
4, 795
4, 795
4, 795
4, 795
4, 795
4, 795
4, 795
4, 821
4, 794
4, 795
4, 795
4, 851
4, 851
4, 851
4, 851
4, 854
4, 851
4, 851
4, 853
4, 851
4, 851
4, 851
4, 851
4, 851
4, 816
4, 851
0, 484
0, 210
4, 795
4, 855
4, 795
1, 700
4, 855
0, 262
4, 795
1, 351
0, 64
4, 854
4, 795
1, 695
4, 854
4, 795
4, 795
4, 796
4, 795
4, 820
1, 594
4, 854
4, 795
4, 795
4, 795
4, 795
4, 854
4, 795
4, 795
1, 425
4, 795
4, 795
0, 284
4, 803
4, 795
4, 794
4, 850
4, 795
4, 795
1, 703
4, 854
4, 795
4, 794
4, 794
1, 426
4, 795
1, 426
4, 795
4, 795
4, 795
4, 851
4, 850
4, 795
1, 445
4, 824
4, 795
4, 795
4, 795
4, 795
4, 796
4, 795
4, 795
4, 795
4, 795
4, 795
4, 795
4, 816
4, 795
4, 794
0, 263
4, 795
0, 261
4, 795
4, 794
4, 795
4, 795
4, 852
4, 795
4, 795
4, 806
4, 795
4, 795
4, 795
4, 795
4, 795
4, 795
4, 795
4, 795
1, 619
0, 35
4, 795
4, 795
4, 795
4, 795
4, 795
4, 795
4, 795
4, 795
4, 795
4, 795
1, 483
4, 796
4, 795
4, 795
4, 853
4, 795
4, 795
4, 795
0, 100
0, 210
1, 878
0, 65
4, 795
4, 795
4, 795
4, 819
4, 851
4, 851
4, 851
4, 854
4, 851
4, 851
4, 851
4, 851
4, 851
4, 851
4, 851
4, 856
1, 638
0, 35
4, 797
4, 851
1, 807
4, 854
4, 851
4, 851
4, 851
4, 848
4, 851
4, 853
4, 851
4, 851
4, 851
1, 467
4, 852
4, 851
1, 624
0, 64
4, 854
4, 851
4, 817
4, 851
4, 851
4, 851
4, 851
4, 851
4, 851
4, 851
4, 851
4, 851
1, 671
4, 795
4, 851
4, 851
4, 854
4, 851
1, 424
4, 854
4, 851
4, 851
4, 817
4, 853
4, 854
4, 852
4, 851
4, 852
4, 851
4, 795
4, 851
4, 851
4, 821
4, 851
4, 854
4, 851
1, 806
0, 66
4, 854
4, 851
4, 851
4, 852
4, 795
4, 851
4, 854
4, 853
4, 851
4, 851
4, 852
4, 795
4, 851
1, 820
0, 35
4, 851
4, 795
1, 974
4, 852
4, 851
4, 853
4, 851
4, 851
4, 853
4, 851
4, 851
4, 852
4, 851
4, 855
4, 852
1, 439
4, 1179
4, 855
1, 579
0, 35
4, 795
4, 852
4, 851
4, 852
4, 851
4, 852
4, 851
4, 852
1, 424
4, 819
4, 851
4, 853
4, 795
4, 851
4, 851
4, 795
1, 700
4, 854
4, 851
1, 678
4, 856
4, 851
4, 851
4, 795
4, 851
4, 795
4, 851
4, 851
4, 797
4, 851
4, 851
4, 795
4, 851
4, 795
0, 41
4, 851
4, 851
4, 795
4, 851
1, 431
4, 854
4, 795
4, 816
4, 795
4, 851
4, 851
4, 795
4, 851
4, 795
4, 851
4, 851
4, 795
4, 851
4, 851
4, 855
4, 850
4, 795
4, 851
4, 795
4, 851
4, 851
4, 795
4, 851
4, 795
4, 853
4, 854
4, 851
4, 795
4, 854
4, 851
4, 795
4, 851
1, 695
4, 854
4, 851
4, 851
4, 795
4, 851
4, 851
4, 795
4, 851
4, 795
4, 851
4, 851
4, 795
4, 851
4, 795
4, 851
4, 795
1, 702
0, 35
4, 795
4, 851
4, 854
4, 795
4, 851
4, 796
4, 851
4, 795
1, 447
4, 796
4, 851
1, 444
4, 852
4, 802
4, 850
4, 795
4, 851
4, 795
4, 851
4, 795
0, 267
4, 795
4, 851
4, 795
4, 851
4, 851
4, 795
4, 851
4, 795
4, 851
4, 795
4, 851
4, 854
4, 851
4, 794
4, 852
4, 795
4, 816
4, 795
4, 851
4, 851
4, 795
0, 205
4, 795
4, 851
4, 850
4, 795
4, 851
4, 795
1, 439
4, 796
4, 851
4, 795
4, 851
4, 795
4, 851
4, 796
4, 849
4, 851
4, 795
4, 851
4, 795
4, 851
4, 795
0, 64
4, 851
4, 795
4, 851
4, 795
4, 851
4, 797
1, 436
0, 255
4, 795
4, 797
4, 794
4, 851
4, 795
4, 851
4, 795
4, 851
0, 254
4, 795
4, 851
4, 851
4, 851
4, 851
4, 956
0, 210
1, 424
4, 854
4, 854
4, 795
4, 795
1, 439
4, 796
1, 445
1, 595
0, 35
4, 795
1, 446
4, 796
4, 795
4, 795
4, 795
4, 795
4, 795
4, 795
4, 854
4, 795
4, 795
4, 795
4, 851
4, 795
4, 795
4, 851
4, 795
4, 851
4, 795
4, 795
4, 851
4, 795
4, 853
4, 848
4, 795
4, 851
4, 2451
0, 76
4, 854
4, 795
4, 851
4, 795
4, 795
1, 845
0, 700
0, 64
4, 854
4, 1704
4, 852
4, 850
4, 851
4, 795
4, 795
1, 734
4, 801
4, 795
4, 795
4, 851
4, 797
1, 416
4, 852
4, 795
4, 795
0, 103
0, 210
4, 795
4, 795
4, 851
4, 795
4, 858
4, 851
4, 795
4, 795
4, 851
4, 795
4, 795
4, 795
4, 851
4, 795
4, 795
4, 851
4, 795
4, 854
4, 795
4, 795
4, 851
4, 795
4, 853
4, 795
4, 795
4, 850
4, 795
4, 851
4, 795
1, 754
0, 76
4, 854
4, 795
1, 597
4, 803
1, 449
4, 854
4, 795
4, 795
4, 795
4, 795
4, 795
4, 795
4, 851
4, 797
4, 816
4, 795
1, 426
4, 795
4, 795
4, 795
4, 795
4, 795
4, 795
4, 795
0, 100
0, 210
4, 795
4, 795
4, 795
4, 795
0, 82
4, 853
1, 427
4, 795
4, 795
4, 850
0, 257
0, 35
4, 795
4, 795
1, 426
4, 795
4, 795
4, 795
4, 795
4, 795
1, 447
4, 852
4, 851
4, 851
1, 663
0, 64
1, 485
4, 854
4, 851
4, 851
4, 795
4, 795
4, 795
1, 703
4, 802
4, 794
1, 653
0, 35
4, 795
1, 416
4, 796
4, 795
4, 795
4, 796
4, 795
4, 795
4, 944
4, 854
4, 795
4, 795
4, 850
4, 795
4, 795
4, 795
4, 795
4, 795
4, 795
4, 795
4, 795
4, 795
4, 795
4, 795
4, 795
1, 481
4, 796
4, 817
4, 794
4, 794
4, 795
4, 795
4, 795
4, 795
4, 852
4, 795
4, 795
4, 795
4, 795
4, 795
4, 795
4, 795
4, 795
1, 426
4, 795
4, 795
4, 795
5, 1344
0, 64
4, 850
4, 854
0, 66
4, 854
4, 795
4, 795
4, 795
4, 795
4, 795
1, 485
4, 796
4, 795
0, 100
0, 210
4, 795
4, 795
4, 795
4, 795
4, 794
4, 795
4, 795
4, 854
4, 795
4, 795
4, 795
4, 795
4, 795
4, 795
4, 795
0, 117
4, 795
4, 795
4, 795
4, 795
4, 795
4, 858
4, 795
4, 795
4, 795
1, 751
0, 64
4, 855
4, 795
1, 700
4, 853
1, 453
4, 855
4, 795
4, 795
4, 795
4, 795
1, 548
4, 795
4, 795
4, 795
4, 795
4, 796
4, 795
4, 795
4, 795
4, 795
4, 795
4, 795
4, 795
4, 795
4, 854
4, 795
4, 795
4, 795
4, 853
4, 795
4, 795
1, 695
4, 854
4, 795
4, 795
4, 795
4, 795
4, 795
4, 795
4, 795
1, 351
0, 64
4, 854
4, 795
4, 795
4, 856
4, 795
4, 795
1, 416
4, 796
4, 853
4, 853
0, 134
4, 854
4, 852
4, 795
4, 795
4, 795
4, 795
4, 795
4, 795
0, 238
4, 802
0, 262
4, 795
4, 795
4, 795
4, 795
4, 795
4, 795
4, 795
4, 795
1, 571
4, 854
4, 795
4, 795
4, 795
4, 795
4, 795
4, 795
4, 795
4, 795
4, 795
4, 795
4, 795
1, 722
0, 76
4, 854
4, 796
4, 795
4, 813
4, 854
4, 795
4, 795
4, 795
4, 795
4, 795
4, 795
4, 795
4, 795
4, 795
4, 795
4, 795
4, 795
4, 795
4, 795
4, 795
4, 795
4, 854
4, 795
4, 795
4, 795
4, 795
4, 852
4, 854
4, 850
0, 223
4, 803
4, 851
4, 795
4, 795
4, 795
4, 795
4, 795
4, 795
4, 795
0, 476
0, 97
4, 796
4, 797
4, 795
4, 795
4, 815
4, 795
4, 795
4, 795
4, 795
4, 795
4, 795
4, 795
4, 795
1, 695
0, 212
4, 817
4, 795
4, 795
4, 795
4, 795
4, 795
4, 795
4, 795
4, 795
4, 795
4, 795
4, 795
4, 795
4, 795
4, 795
4, 795
4, 795
4, 795
4, 795
4, 796
4, 795
1, 802
0, 210
4, 806
4, 795
4, 795
4, 795
4, 795
4, 795
4, 795
4, 795
4, 795
4, 796
4, 795
0, 254
4, 795
4, 795
4, 795
4, 816
4, 795
4, 795
4, 795
4, 795
4, 795
4, 795
4, 853
4, 795
4, 795
4, 795
4, 795
0, 203
0, 64
4, 855
4, 795
4, 794
4, 795
4, 795
4, 851
4, 795
4, 795
4, 795
4, 795
4, 795
4, 795
4, 795
1, 448
4, 854
4, 795
1, 426
4, 909
0, 210
4, 795
4, 795
4, 795
4, 795
4, 795
4, 795
4, 795
4, 853
4, 795
1, 426
4, 795
4, 795
4, 795
4, 795
4, 854
0, 195
0, 35
4, 795
0, 201
4, 853
4, 795
4, 819
4, 795
4, 795
4, 795
4, 795
4, 795
4, 795
4, 795
4, 795
1, 695
4, 854
4, 795
4, 795
4, 795
4, 792
1, 426
1, 426
1, 426
1, 426
1, 426
1, 426
4, 853
1, 426
1, 426
1, 426
1, 428
1, 426
1, 426
1, 426
1, 426
4, 854
4, 853
4, 795
4, 818
4, 851
4, 817
4, 795
1, 426
1, 426
1, 426
1, 426
4, 795
1, 426
4, 822
1, 426
1, 426
1, 536
4, 795
1, 426
1, 426
1, 426
4, 795
4, 823
1, 426
1, 426
4, 795
1, 426
1, 426
1, 426
1, 426
1, 426
1, 426
1, 351
0, 64
4, 854
1, 426
4, 795
1, 426
1, 426
1, 426
4, 795
1, 426
1, 426
1, 426
4, 795
1, 426
1, 426
4, 795
1, 426
1, 426
1, 426
4, 797
4, 819
1, 426
0, 84
1, 426
4, 795
1, 426
1, 483
1, 427
1, 426
4, 795
1, 426
1, 426
4, 806
1, 426
1, 426
4, 852
4, 795
0, 211
1, 430
1, 426
4, 795
1, 426
1, 426
4, 852
4, 816
1, 426
1, 426
4, 795
1, 426
1, 426
4, 795
1, 426
1, 426
4, 795
1, 426
4, 795
1, 426
1, 426
4, 795
1, 426
1, 443
0, 210
4, 795
1, 426
1, 426
1, 426
4, 855
4, 795
1, 426
1, 426
4, 795
4, 855
4, 859
1, 426
1, 426
4, 795
1, 426
4, 795
0, 254
1, 426
4, 795
4, 853
1, 426
1, 426
4, 817
1, 426
4, 795
0, 64
1, 426
1, 426
4, 795
1, 426
4, 795
1, 426
1, 426
4, 795
1, 426
4, 795
0, 223
1, 430
4, 795
1, 426
1, 426
4, 795
1, 426
4, 795
1, 426
1, 426
4, 795
1, 426
4, 795
1, 426
4, 797
1, 426
4, 852
1, 426
4, 816
1, 521
1, 485
0, 43
1, 426
1, 456
4, 851
4, 795
1, 426
1, 426
4, 795
1, 426
4, 795
1, 426
4, 795
1, 426
1, 426
4, 795
1, 426
4, 795
1, 426
4, 795
1, 426
4, 795
1, 426
1, 659
4, 798
1, 426
1, 426
1, 426
4, 795
4, 852
1, 426
4, 795
1, 426
0, 284
4, 795
1, 426
1, 426
4, 795
1, 426
1, 585
1, 445
0, 64
1, 426
4, 851
1, 426
1, 426
1, 426
1, 426
1, 426
1, 426
4, 849
4, 823
1, 426
1, 426
1, 426
0, 255
1, 426
4, 795
1, 426
4, 795
1, 426
4, 795
1, 426
0, 64
4, 823
4, 795
4, 852
0, 262
1, 426
4, 795
1, 351
0, 64
4, 854
1, 448
4, 819
4, 795
1, 426
4, 795
1, 426
1, 426
4, 795
1, 426
4, 795
1, 426
4, 795
1, 426
4, 795
1, 426
4, 795
1, 426
4, 795
1, 426
4, 795
1, 426
4, 795
1, 426
4, 795
1, 426
4, 795
1, 426
4, 795
1, 426
4, 795
1, 426
0, 317
4, 854
4, 856
1, 450
4, 819
4, 795
4, 852
4, 814
1, 426
4, 795
4, 854
1, 426
4, 795
1, 426
4, 795
4, 795
1, 426
4, 795
1, 426
4, 795
4, 855
4, 854
0, 227
4, 798
1, 426
4, 795
4, 795
1, 426
4, 795
4, 794
1, 426
4, 795
4, 795
1, 426
4, 795
4, 795
4, 795
1, 426
4, 795
4, 795
4, 795
4, 795
4, 854
4, 795
4, 795
4, 796
4, 795
1, 448
4, 818
4, 795
4, 795
4, 795
4, 795
4, 795
4, 795
4, 796
4, 794
4, 795
4, 795
4, 795
4, 852
4, 795
4, 795
4, 795
0, 100
0, 210
4, 795
4, 795
4, 795
4, 795
4, 795
4, 795
4, 795
4, 795
4, 795
4, 795
4, 795
4, 798
4, 854
4, 795
4, 795
4, 795
0, 210
4, 795
4, 795
4, 795
4, 795
1, 426
4, 795
4, 795
4, 816
4, 795
4, 795
4, 794
4, 795
4, 795
4, 795
4, 795
4, 795
4, 795
4, 795
4, 795
4, 795
4, 795
4, 795
4, 795
0, 260
4, 795
4, 795
4, 795
1, 448
4, 819
4, 795
4, 795
4, 857
4, 795
4, 795
4, 795
4, 795
4, 795
4, 795
4, 795
4, 795
4, 795
4, 795
4, 795
4, 795
1, 695
1, 467
4, 796
1, 425
4, 795
4, 796
4, 795
4, 795
4, 795
1, 744
4, 799
4, 795
4, 795
4, 795
4, 795
4, 795
4, 795
4, 795
4, 795
4, 797
4, 795
4, 795
4, 795
4, 795
4, 854
4, 795
4, 816
4, 795
4, 795
4, 795
4, 795
4, 795
4, 795
4, 795
4, 795
4, 795
4, 795
4, 795
4, 795
4, 795
4, 854
4, 795
4, 795
4, 795
4, 795
4, 795
1, 453
0, 262
4, 795
4, 795
4, 795
4, 795
1, 446
4, 796
4, 795
4, 794
4, 853
4, 795
4, 795
4, 795
4, 795
4, 795
0, 267
4, 795
4, 795
4, 795
4, 852
4, 795
4, 795
4, 795
4, 795
4, 795
4, 795
4, 795
4, 795
4, 795
4, 795
4, 795
4, 795
4, 795
4, 795
4, 795
1, 447
4, 796
1, 698
4, 799
4, 849
4, 795
4, 795
4, 795
4, 806
4, 854
4, 795
4, 795
4, 795
4, 795
4, 795
4, 795
4, 854
4, 795
4, 795
4, 795
4, 795
4, 795
4, 795
4, 794
4, 795
1, 426
4, 795
4, 795
0, 64
4, 850
1, 482
4, 796
4, 795
4, 795
1, 685
4, 853
4, 795
4, 853
4, 795
4, 852
4, 795
4, 795
4, 797
4, 819
4, 795
4, 795
4, 818
0, 100
0, 210
4, 795
4, 795
4, 795
4, 795
4, 795
4, 795
4, 855
4, 795
4, 795
4, 795
4, 1031
4, 854
4, 795
4, 795
4, 795
4, 792
4, 794
4, 795
4, 819
4, 795
4, 795
4, 795
4, 795
1, 453
4, 796
5, 5042
4, 853
4, 795
4, 795
4, 795
4, 850
4, 795
4, 814
4, 795
4, 795
4, 795
4, 795
4, 795
4, 795
4, 795
4, 795
4, 795
4, 795
4, 795
4, 795
4, 854
4, 795
4, 797
0, 266
4, 853
4, 795
4, 795
4, 795
4, 795
4, 795
4, 795
4, 795
4, 795
4, 795
4, 795
4, 795
1, 656
4, 795
4, 795
4, 854
1, 426
4, 795
4, 795
4, 794
4, 795
4, 794
4, 795
4, 795
4, 795
4, 795
4, 817
4, 795
0, 233
4, 799
1, 787
0, 64
4, 795
4, 795
4, 795
4, 795
4, 795
4, 795
4, 795
4, 795
1, 736
0, 64
4, 854
4, 852
4, 795
4, 795
4, 795
4, 795
4, 795
4, 795
4, 795
4, 795
4, 795
4, 795
4, 795
4, 796
4, 794
4, 795
4, 795
4, 795
4, 795
4, 819
4, 795
4, 850
4, 795
4, 795
1, 453
0, 224
4, 799
4, 795
4, 795
1, 1213
4, 853
4, 795
4, 795
4, 803
4, 795
4, 795
4, 814
4, 795
4, 795
4, 795
4, 795
0, 191
1, 429
4, 795
4, 795
4, 795
4, 795
4, 795
4, 816
4, 795
1, 703
4, 854
1, 426
4, 795
4, 795
4, 795
4, 795
4, 795
4, 795
4, 795
4, 795
4, 795
4, 795
4, 796
4, 795
4, 795
4, 795
4, 855
4, 795
0, 212
0, 76
4, 854
4, 795
4, 795
4, 795
4, 795
4, 795
4, 795
4, 806
4, 795
4, 795
4, 795
4, 908
4, 796
4, 795
4, 795
4, 795
4, 854
4, 795
4, 795
4, 852
4, 795
4, 818
4, 795
4, 853
4, 795
4, 794
4, 795
1, 424
4, 819
4, 795
4, 795
4, 851
4, 795
4, 795
4, 795
4, 795
4, 795
4, 795
4, 795
4, 795
4, 854
0, 212
1, 698
4, 854
4, 795
4, 795
4, 851
4, 1534
4, 820
4, 851
4, 795
4, 795
4, 795
1, 916
4, 795
4, 795
4, 795
4, 795
4, 795
0, 100
0, 210
4, 854
4, 795
4, 814
4, 795
4, 795
4, 858
4, 795
4, 854
4, 795
4, 795
4, 795
4, 795
4, 795
4, 795
4, 795
4, 795
4, 795
4, 795
4, 795
4, 795
4, 795
4, 795
4, 850
1, 448
4, 854
4, 795
4, 795
4, 795
4, 795
1, 777
4, 854
4, 795
4, 795
4, 795
4, 850
4, 795
4, 795
4, 795
4, 795
4, 795
4, 819
4, 851
4, 851
25, 7017
0, 64
4, 851
4, 851
4, 851
4, 851
4, 795
4, 795
4, 820
4, 813
4, 854
4, 795
4, 795
4, 795
4, 795
4, 795
4, 795
4, 795
4, 795
4, 797
4, 795
4, 795
4, 795
4, 795
4, 795
4, 853
4, 796
4, 795
4, 794
1, 568
0, 76
4, 854
4, 795
1, 435
0, 41
4, 794
1, 698
4, 795
4, 795
4, 795
4, 851
4, 795
4, 795
4, 795
4, 796
1, 548
1, 444
4, 796
4, 795
4, 854
4, 795
4, 856
4, 795
4, 795
4, 795
4, 821
4, 795
4, 795
4, 795
4, 795
4, 795
4, 795
4, 795
4, 795
4, 795
4, 795
4, 795
4, 795
4, 795
4, 795
4, 795
4, 795
4, 795
4, 795
4, 795
4, 795
4, 852
1, 702
4, 795
4, 795
4, 795
4, 795
4, 795
4, 795
4, 795
4, 795
4, 795
4, 795
4, 795
4, 795
4, 853
4, 795
4, 819
4, 795
4, 851
1, 480
4, 796
4, 795
4, 795
4, 795
4, 851
4, 795
4, 795
4, 797
4, 795
4, 816
4, 795
4, 795
0, 100
0, 210
4, 795
4, 795
4, 815
4, 795
4, 795
4, 795
4, 795
4, 795
4, 795
4, 795
4, 795
4, 796
4, 795
4, 795
4, 795
4, 856
4, 795
4, 795
4, 794
4, 795
1, 351
0, 64
4, 855
4, 851
4, 795
4, 795
4, 795
4, 795
4, 795
4, 795
4, 795
4, 795
4, 795
4, 795
4, 795
4, 795
4, 795
4, 795
4, 795
4, 795
4, 795
1, 426
4, 795
4, 795
4, 795
4, 795
4, 795
4, 795
4, 795
4, 795
4, 795
4, 795
4, 795
4, 795
4, 795
4, 795
4, 795
1, 625
4, 799
4, 795
1, 426
4, 795
4, 855
4, 795
4, 795
4, 795
4, 795
4, 795
4, 795
4, 795
4, 795
4, 795
4, 795
4, 827
4, 796
4, 795
4, 793
4, 795
4, 795
4, 795
4, 795
4, 795
4, 795
4, 795
4, 795
4, 795
4, 795
1, 444
4, 796
1, 700
4, 854
4, 821
1, 440
4, 796
4, 795
4, 795
4, 795
4, 854
4, 795
4, 795
4, 795
4, 795
4, 795
4, 795
4, 795
4, 795
4, 795
1, 422
4, 819
4, 795
4, 795
4, 795
4, 795
4, 850
4, 851
4, 850
4, 795
4, 795
4, 795
4, 797
4, 795
4, 795
4, 821
1, 694
4, 853
4, 795
4, 850
4, 795
0, 286
4, 854
1, 700
4, 854
4, 796
4, 795
1, 706
4, 798
4, 795
4, 795
4, 795
4, 795
4, 795
4, 795
4, 795
4, 795
4, 795
4, 795
4, 795
4, 854
4, 795
4, 795
4, 795
4, 795
4, 795
4, 795
4, 816
4, 795
4, 816
4, 795
4, 795
4, 795
4, 795
4, 795
4, 795
4, 795
4, 795
4, 795
0, 205
4, 795
4, 795
4, 792
4, 795
4, 795
4, 795
4, 796
4, 795
4, 795
4, 795
4, 795
4, 795
4, 795
4, 795
4, 795
4, 797
1, 426
1, 440
4, 796
4, 795
4, 853
4, 795
4, 795
4, 795
4, 795
4, 795
4, 806
4, 795
4, 795
4, 850
4, 795
4, 795
4, 795
4, 795
4, 795
4, 795
4, 795
4, 795
4, 795
4, 795
4, 795
4, 795
4, 795
1, 483
4, 821
4, 818
4, 852
4, 795
0, 261
1, 452
4, 854
4, 795
1, 637
0, 64
4, 854
4, 795
4, 806
4, 795
4, 795
4, 795
4, 795
4, 795
4, 795
4, 851
0, 212
1, 483
4, 796
4, 795
4, 795
4, 795
4, 796
4, 795
4, 795
4, 795
4, 795
1, 781
0, 60
0, 210
4, 795
4, 797
4, 795
4, 795
4, 795
4, 795
4, 795
4, 795
4, 795
4, 795
4, 795
4, 795
4, 795
4, 795
4, 851
4, 795
4, 795
4, 795
4, 795
4, 795
4, 795
4, 795
4, 795
4, 795
4, 795
4, 795
4, 795
4, 795
4, 795
4, 795
4, 795
4, 795
4, 850
4, 795
4, 795
4, 795
4, 795
4, 795
4, 795
4, 795
4, 795
4, 795
4, 795
1, 453
4, 796
4, 795
0, 212
4, 795
4, 795
1, 625
4, 799
4, 795
0, 211
4, 795
4, 795
4, 795
4, 794
1, 700
4, 854
4, 795
4, 795
4, 855
4, 857
4, 795
4, 795
4, 795
1, 731
0, 76
4, 854
0, 263
4, 820
4, 795
4, 795
1, 453
1, 427
4, 795
1, 765
4, 849
4, 795
4, 795
0, 233
4, 798
4, 795
4, 795
4, 795
4, 795
4, 795
4, 795
4, 795
4, 795
1, 440
4, 796
4, 795
4, 795
4, 795
4, 795
1, 445
4, 796
1, 678
0, 345
4, 853
4, 795
4, 795
4, 795
4, 795
4, 795
4, 795
4, 795
4, 819
1, 426
4, 795
4, 795
0, 227
4, 854
4, 795
4, 795
4, 794
4, 795
4, 795
4, 795
4, 851
4, 795
4, 795
4, 795
4, 795
4, 795
4, 816
4, 795
4, 795
4, 795
0, 328
4, 798
4, 795
4, 796
4, 816
4, 795
4, 795
4, 795
4, 795
1, 426
1, 426
4, 795
4, 795
4, 795
4, 839
4, 795
4, 795
4, 795
4, 795
4, 795
4, 795
4, 795
4, 795
4, 795
4, 795
4, 795
4, 795
4, 795
0, 99
4, 854
4, 795
4, 1383
4, 795
4, 795
4, 795
4, 795
4, 795
4, 795
4, 795
4, 795
4, 795
4, 795
4, 795
4, 795
4, 795
4, 795
4, 795
4, 795
4, 795
4, 795
4, 852
4, 795
4, 795
4, 795
4, 795
0, 284
4, 795
4, 816
4, 795
4, 852
4, 795
4, 797
1, 426
4, 795
4, 796
4, 795
4, 795
4, 795
4, 795
4, 795
4, 795
4, 795
4, 795
4, 795
4, 795
4, 795
4, 795
4, 795
4, 795
4, 795
1, 436
4, 796
4, 795
4, 795
4, 858
4, 853
4, 819
4, 795
4, 795
4, 795
4, 795
4, 854
4, 795
4, 795
4, 795
4, 795
0, 212
4, 795
4, 795
1, 625
4, 799
4, 795
4, 795
4, 795
4, 795
4, 820
4, 795
4, 795
4, 795
4, 795
4, 795
4, 795
4, 851
4, 795
4, 795
4, 795
4, 795
4, 795
4, 795
4, 795
4, 795
4, 795
4, 795
1, 548
4, 795
4, 795
4, 795
1, 767
4, 799
4, 795
4, 795
4, 795
4, 795
4, 816
4, 795
1, 752
0, 76
4, 854
4, 795
4, 795
4, 795
4, 857
4, 795
4, 795
4, 854
4, 796
4, 795
4, 795
4, 795
4, 795
4, 795
4, 795
0, 223
4, 855
1, 444
4, 796
4, 795
0, 223
4, 799
4, 857
4, 795
4, 795
4, 795
4, 795
4, 795
4, 795
4, 795
4, 796
4, 1189
0, 35
4, 795
4, 795
4, 855
4, 855
4, 795
4, 850
4, 796
4, 795
4, 795
4, 795
4, 795
4, 795
4, 795
4, 796
1, 440
4, 796
4, 859
4, 795
4, 795
4, 795
4, 795
4, 795
4, 795
4, 795
4, 818
4, 795
4, 795
4, 795
4, 795
4, 795
4, 795
1, 586
0, 64
4, 852
4, 795
4, 795
4, 795
4, 795
4, 795
4, 795
4, 795
4, 795
4, 853
4, 795
4, 795
4, 795
4, 795
4, 816
4, 857
4, 795
4, 795
4, 795
4, 795
4, 795
4, 795
4, 795
1, 700
0, 76
0, 213
4, 795
4, 794
1, 425
4, 795
4, 795
4, 795
4, 795
4, 795
4, 795
4, 851
4, 851
4, 795
4, 795
4, 795
4, 1558
0, 64
4, 854
1, 426
4, 795
4, 795
1, 700
0, 245
0, 64
4, 854
4, 794
4, 795
4, 795
4, 795
4, 851
4, 795
1, 700
4, 854
0, 284
4, 795
4, 850
4, 795
4, 854
4, 795
4, 795
4, 795
4, 795
4, 795
4, 795
4, 795
1, 425
4, 795
4, 795
0, 317
0, 258
4, 795
4, 795
4, 795
4, 795
4, 795
4, 795
4, 795
4, 795
4, 816
4, 795
0, 223
4, 820
4, 795
4, 795
4, 795
1, 631
0, 35
4, 795
4, 795
4, 795
4, 854
1, 426
4, 795
4, 854
4, 795
4, 795
4, 795
4, 795
4, 795
4, 852
1, 353
0, 64
4, 854
4, 795
1, 700
1, 481
4, 1245
4, 795
4, 795
4, 795
4, 795
4, 854
4, 795
0, 317
4, 798
4, 797
1, 618
1, 426
4, 795
4, 795
4, 795
4, 795
4, 795
4, 795
4, 795
4, 795
4, 795
4, 820
4, 795
4, 795
4, 795
4, 795
4, 795
4, 796
1, 701
4, 853
4, 816
4, 795
4, 795
4, 795
4, 795
4, 795
4, 795
4, 795
4, 795
4, 795
4, 795
4, 795
4, 795
4, 795
4, 795
4, 794
4, 795
4, 795
4, 851
4, 795
4, 795
4, 795
4, 795
4, 852
4, 795
4, 795
4, 795
4, 818
4, 795
4, 795
4, 795
4, 795
4, 794
4, 795
1, 425
4, 795
4, 795
4, 797
4, 795
4, 795
4, 795
4, 795
4, 795
4, 795
4, 795
4, 795
4, 795
4, 795
4, 795
4, 850
4, 795
4, 795
1, 774
0, 211
4, 853
4, 853
4, 795
4, 795
1, 445
4, 796
4, 795
4, 795
4, 795
4, 795
4, 821
1, 440
4, 796
4, 795
4, 795
4, 795
4, 795
4, 795
4, 794
4, 795
1, 483
4, 796
4, 795
4, 795
4, 795
4, 796
4, 851
4, 795
4, 795
4, 795
1, 704
4, 854
4, 795
4, 794
4, 795
4, 795
4, 795
4, 795
4, 795
4, 815
4, 795
1, 424
4, 854
4, 795
4, 795
4, 795
4, 795
4, 795
4, 795
4, 795
4, 795
4, 795
4, 795
4, 795
4, 850
4, 1608
0, 35
4, 820
1, 453
4, 796
4, 795
4, 795
0, 66
1, 645
4, 854
4, 795
4, 795
4, 795
1, 920
4, 854
4, 823
4, 795
4, 795
4, 795
4, 853
4, 795
1, 635
0, 35
4, 795
4, 795
4, 854
4, 795
4, 795
4, 795
4, 795
4, 795
4, 797
4, 818
4, 795
4, 795
1, 585
1, 445
4, 795
4, 795
4, 849
4, 795
4, 795
4, 854
4, 795
4, 795
4, 795
0, 262
4, 795
4, 795
1, 426
4, 795
4, 795
4, 795
1, 699
4, 853
4, 795
4, 795
4, 853
4, 795
4, 795
1, 422
1, 910
0, 35
1, 678
4, 855
4, 795
4, 795
4, 795
4, 795
4, 795
4, 795
4, 795
4, 795
4, 795
4, 814
4, 795
4, 1126
0, 64
4, 795
4, 795
4, 795
4, 795
4, 795
4, 795
4, 855
4, 795
4, 795
1, 426
4, 795
4, 795
4, 796
4, 823
4, 795
1, 739
4, 800
4, 795
4, 795
4, 795
4, 820
4, 795
4, 795
4, 795
4, 795
4, 795
4, 795
4, 795
4, 795
4, 795
4, 795
4, 855
4, 850
4, 795
4, 795
4, 795
4, 795
4, 795
1, 451
4, 819
4, 795
4, 852
1, 440
4, 796
1, 453
4, 796
4, 795
4, 795
4, 795
4, 816
1, 426
4, 795
4, 795
4, 794
0, 212
4, 795
4, 852
1, 426
4, 795
4, 1046
0, 64
4, 854
1, 426
4, 795
4, 795
4, 795
4, 795
4, 795
4, 795
4, 795
4, 795
4, 795
4, 795
1, 426
1, 426
1, 426
1, 426
1, 426
1, 426
1, 439
0, 133
0, 53
1, 427
1, 426
1, 426
1, 426
0, 317
1, 1209
0, 64
1, 351
0, 64
4, 854
4, 852
1, 426
1, 426
1, 426
4, 795
1, 426
1, 426
1, 426
1, 426
1, 426
1, 426
1, 426
4, 795
1, 426
1, 426
1, 426
4, 854
1, 426
1, 426
4, 851
4, 795
1, 426
1, 426
1, 426
1, 426
4, 795
4, 854
1, 426
1, 426
1, 426
4, 850
4, 795
1, 426
1, 426
1, 426
1, 426
4, 795
4, 854
4, 795
4, 817
4, 818
1, 456
0, 210
4, 795
4, 795
4, 795
4, 795
4, 795
4, 795
4, 795
4, 795
4, 857
4, 850
4, 795
4, 795
4, 794
4, 795
4, 795
4, 795
4, 795
4, 856
1, 426
1, 426
4, 795
1, 426
4, 855
1, 426
1, 695
4, 854
4, 823
1, 426
4, 795
1, 426
1, 426
4, 795
4, 852
1, 426
1, 426
4, 795
1, 426
1, 426
4, 795
1, 426
1, 426
4, 851
1, 426
1, 426
4, 795
1, 480
1, 427
1, 426
4, 796
1, 426
1, 426
4, 795
1, 426
1, 426
1, 453
1, 427
4, 819
4, 795
1, 426
1, 426
4, 795
1, 426
1, 426
4, 850
1, 426
1, 426
4, 795
4, 853
4, 852
1, 426
1, 426
4, 795
1, 426
1, 426
4, 795
4, 851
1, 426
1, 426
4, 795
1, 426
1, 426
4, 795
1, 426
1, 426
4, 795
1, 426
1, 426
4, 795
1, 426
1, 426
4, 795
1, 426
4, 795
1, 426
1, 426
4, 795
1, 426
1, 426
4, 795
1, 426
1, 426
4, 795
1, 426
4, 795
1, 426
1, 426
4, 794
1, 426
4, 795
1, 426
1, 426
4, 795
1, 426
4, 795
1, 426
1, 426
4, 795
1, 426
4, 795
1, 426
1, 426
4, 795
4, 859
1, 426
4, 795
1, 426
1, 426
4, 795
1, 451
4, 825
1, 426
4, 795
1, 426
4, 795
1, 426
1, 426
4, 795
1, 426
4, 795
1, 426
4, 795
1, 426
4, 850
1, 426
4, 795
1, 426
4, 795
1, 426
4, 795
1, 426
1, 426
4, 795
1, 351
0, 64
4, 854
1, 426
4, 795
1, 426
1, 426
1, 426
4, 795
1, 426
4, 850
1, 426
4, 795
1, 426
4, 795
1, 426
4, 795
1, 426
1, 426
4, 795
1, 426
4, 850
4, 853
4, 795
1, 426
4, 795
1, 426
0, 284
4, 795
1, 426
1, 426
1, 426
4, 795
1, 426
4, 854
4, 795
1, 426
4, 795
1, 426
4, 795
1, 426
4, 795
1, 426
1, 426
4, 795
1, 426
4, 795
1, 425
4, 796
4, 795
4, 795
4, 795
4, 795
4, 795
4, 795
4, 795
4, 795
4, 795
4, 795
4, 795
4, 795
4, 795
4, 795
4, 795
4, 795
4, 795
4, 795
4, 795
4, 795
4, 795
4, 795
1, 448
4, 819
4, 853
4, 795
4, 795
4, 795
4, 795
4, 850
4, 854
4, 797
4, 850
4, 795
4, 795
4, 795
4, 795
4, 795
4, 854
4, 795
4, 795
4, 851
4, 795
4, 795
1, 701
4, 854
4, 795
4, 795
4, 795
4, 852
4, 797
1, 453
4, 796
4, 815
4, 795
4, 796
4, 795
4, 795
4, 795
4, 821
4, 795
0, 216
1, 424
4, 819
4, 796
4, 795
1, 625
0, 178
0, 64
4, 854
4, 797
4, 794
4, 795
4, 795
4, 795
4, 795
4, 783
4, 853
4, 795
4, 854
4, 795
4, 795
4, 819
4, 795
4, 795
1, 426
4, 795
4, 795
4, 795
4, 795
4, 795
4, 795
1, 448
4, 853
4, 795
4, 796
4, 795
4, 795
4, 795
4, 795
4, 795
4, 795
4, 795
4, 795
4, 795
4, 795
4, 795
4, 795
4, 795
4, 795
4, 795
4, 795
4, 795
4, 795
4, 855
4, 795
1, 511
0, 100
0, 210
4, 797
4, 795
4, 795
4, 795
4, 795
4, 795
4, 795
4, 795
4, 795
4, 795
1, 754
4, 853
4, 795
4, 795
4, 795
4, 795
4, 795
4, 795
4, 752
0, 177
0, 64
0, 213
4, 795
4, 855
4, 795
4, 795
4, 817
4, 795
4, 795
4, 795
4, 795
1, 453
4, 796
4, 795
0, 205
0, 178
0, 64
1, 750
4, 817
4, 795
4, 795
4, 795
4, 795
4, 795
4, 854
4, 796
4, 795
1, 424
4, 821
4, 795
4, 795
4, 796
4, 795
4, 795
4, 795
4, 795
4, 795
4, 795
4, 795
4, 795
4, 795
4, 795
4, 795
4, 795
4, 795
4, 795
0, 210
4, 795
4, 795
4, 795
4, 814
4, 795
4, 2615
1, 749
0, 64
1, 754
4, 795
1, 424
1, 716
4, 795
1, 424
4, 819
4, 795
4, 796
4, 795
4, 795
1, 426
1, 448
4, 819
1, 625
0, 178
0, 64
4, 857
4, 795
4, 795
4, 795
4, 795
1, 445
4, 796
4, 795
4, 795
0, 205
4, 853
4, 795
4, 795
4, 795
4, 795
4, 795
4, 795
4, 795
4, 795
4, 797
4, 795
4, 795
4, 795
4, 795
4, 795
4, 795
4, 795
4, 795
4, 795
4, 795
4, 795
4, 795
4, 795
4, 795
4, 795
4, 795
4, 795
1, 425
4, 795
4, 795
4, 795
4, 795
4, 795
4, 795
0, 212
4, 820
4, 796
4, 795
4, 795
4, 795
4, 795
0, 267
4, 795
4, 816
4, 795
4, 795
4, 794
1, 424
4, 819
4, 795
4, 795
4, 795
4, 795
4, 795
4, 795
4, 795
4, 795
4, 796
4, 794
4, 795
4, 795
4, 795
4, 795
4, 795
4, 795
4, 795
4, 794
4, 795
4, 795
4, 795
4, 851
4, 795
4, 795
4, 795
4, 795
4, 795
4, 795
4, 795
4, 795
4, 795
4, 796
4, 795
4, 795
1, 511
4, 795
4, 795
4, 795
4, 795
4, 795
4, 795
4, 795
4, 863
0, 223
0, 178
0, 64
1, 732
4, 854
4, 795
4, 819
4, 795
4, 795
4, 798
4, 819
4, 795
4, 795
4, 853
4, 795
4, 795
4, 795
4, 795
4, 795
4, 795
4, 806
4, 795
1, 482
0, 64
4, 795
4, 795
4, 815
4, 795
4, 795
0, 38
4, 795
4, 795
4, 795
4, 795
4, 795
4, 854
4, 795
4, 795
4, 795
1, 425
4, 854
4, 820
4, 795
4, 796
4, 795
4, 795
4, 795
4, 795
4, 852
4, 850
4, 795
4, 795
4, 795
4, 795
4, 795
4, 795
4, 795
4, 854
4, 795
1, 444
1, 427
4, 794
4, 795
4, 795
4, 795
4, 795
0, 66
4, 818
4, 852
4, 851
4, 853
4, 856
4, 795
4, 795
4, 795
4, 795
4, 795
4, 795
4, 795
4, 795
4, 795
4, 795
4, 795
1, 434
4, 796
4, 853
4, 795
4, 795
0, 317
4, 854
1, 685
4, 853
4, 795
4, 795
4, 795
4, 795
4, 795
0, 255
4, 797
4, 816
4, 795
4, 849
4, 795
4, 795
4, 795
4, 816
1, 648
0, 35
4, 795
4, 795
1, 444
4, 796
4, 795
4, 850
4, 851
4, 851
4, 851
0, 204
0, 64
4, 854
4, 851
1, 425
4, 851
4, 851
4, 851
4, 795
4, 850
4, 851
4, 850
4, 851
4, 853
4, 795
4, 853
4, 851
4, 1002
4, 854
4, 795
4, 851
4, 851
0, 37
4, 851
4, 795
4, 852
4, 851
4, 795
4, 851
4, 851
4, 851
4, 816
0, 191
0, 76
4, 854
4, 851
4, 851
4, 795
4, 851
4, 851
4, 851
4, 795
4, 851
4, 851
4, 795
4, 851
4, 854
4, 795
4, 851
4, 851
4, 852
4, 795
4, 851
4, 851
4, 853
4, 851
4, 851
4, 852
1, 434
4, 852
4, 851
4, 853
4, 851
4, 851
4, 853
1, 756
0, 76
4, 854
4, 851
4, 852
4, 795
4, 851
0, 211
4, 795
4, 817
4, 853
4, 991
4, 854
4, 791
4, 854
4, 795
0, 64
4, 795
4, 795
4, 795
4, 795
4, 795
4, 795
4, 851
4, 795
4, 795
4, 795
4, 795
4, 795
4, 795
4, 795
4, 795
4, 795
4, 795
4, 795
4, 795
4, 820
4, 855
0, 191
0, 76
4, 854
4, 854
4, 851
4, 795
4, 851
4, 854
4, 795
4, 851
4, 817
4, 851
1, 453
4, 852
4, 851
4, 795
4, 851
4, 851
4, 795
4, 851
4, 851
4, 795
0, 37
4, 851
4, 851
1, 455
4, 854
4, 851
4, 851
4, 795
4, 851
4, 851
4, 865
4, 851
4, 851
4, 795
4, 851
1, 456
0, 210
4, 795
4, 1634
4, 795
4, 851
4, 853
4, 851
4, 851
4, 853
4, 851
4, 851
4, 853
4, 854
1, 467
1, 424
4, 854
4, 851
4, 851
4, 853
4, 851
4, 852
1, 424
4, 854
4, 851
4, 851
0, 212
4, 816
1, 451
4, 1122
4, 851
4, 851
4, 853
4, 817
1, 424
4, 1145
0, 64
4, 851
4, 920
4, 854
4, 795
4, 851
4, 795
4, 851
4, 851
4, 853
0, 255
4, 795
4, 851
1, 424
4, 855
1, 566
0, 177
0, 64
4, 854
1, 439
4, 796
4, 851
4, 817
4, 853
4, 851
4, 795
0, 317
0, 76
4, 853
4, 851
4, 795
4, 851
1, 451
4, 854
4, 851
4, 821
4, 851
4, 795
4, 850
4, 851
0, 210
4, 795
4, 851
4, 795
4, 851
4, 795
4, 851
4, 795
4, 851
4, 819
4, 795
1, 537
4, 851
4, 851
4, 851
1, 941
4, 854
4, 851
4, 852
4, 851
4, 853
4, 851
4, 795
4, 851
4, 795
4, 851
4, 794
4, 851
4, 795
4, 862
4, 795
4, 854
1, 440
4, 852
1, 426
4, 851
1, 426
4, 851
1, 426
4, 851
1, 426
4, 851
4, 805
4, 851
4, 795
4, 851
4, 795
4, 851
4, 795
1, 449
4, 854
4, 795
4, 852
1, 425
4, 851
4, 795
4, 851
4, 795
4, 851
4, 795
4, 851
4, 796
1, 439
4, 796
4, 852
4, 795
4, 1206
4, 795
4, 795
4, 851
4, 795
1, 596
1, 732
4, 797
4, 795
4, 851
4, 795
1, 558
0, 341
4, 795
4, 795
4, 851
4, 854
4, 795
4, 851
4, 795
4, 851
4, 852
4, 854
4, 850
4, 795
4, 855
1, 798
0, 35
4, 795
4, 795
4, 795
4, 795
4, 815
4, 795
4, 851
4, 795
4, 815
4, 795
4, 851
4, 795
4, 851
4, 795
4, 851
4, 795
4, 851
4, 795
4, 851
4, 795
4, 815
4, 795
4, 851
4, 795
4, 851
4, 795
4, 851
4, 795
4, 795
4, 851
4, 795
4, 851
4, 795
4, 850
4, 853
4, 795
4, 815
4, 795
4, 818
4, 795
4, 795
4, 852
4, 795
4, 795
4, 795
4, 795
4, 795
4, 795
4, 851
4, 795
4, 795
1, 573
0, 64
0, 228
4, 853
4, 795
4, 851
4, 852
4, 854
4, 795
4, 858
4, 850
4, 795
4, 795
4, 815
4, 795
4, 851
4, 795
4, 851
4, 795
4, 795
4, 851
4, 798
4, 854
4, 851
4, 795
4, 795
4, 851
4, 795
0, 284
4, 795
4, 850
4, 795
4, 851
4, 795
4, 851
4, 795
4, 795
4, 851
4, 795
4, 795
4, 851
4, 795
4, 795
4, 851
4, 795
4, 795
1, 465
4, 796
4, 795
4, 851
4, 794
4, 795
4, 851
4, 795
4, 795
4, 851
4, 795
4, 795
4, 795
4, 851
4, 795
4, 795
4, 851
1, 481
0, 216
0, 76
4, 854
4, 795
4, 795
4, 795
1, 449
4, 798
4, 795
4, 795
4, 794
4, 851
4, 795
4, 795
4, 795
4, 795
4, 851
4, 795
4, 854
4, 795
4, 795
4, 795
4, 795
4, 851
4, 795
4, 795
4, 795
4, 795
4, 795
1, 444
4, 855
4, 850
4, 795
4, 795
1, 727
0, 35
4, 795
4, 795
4, 795
4, 795
4, 795
4, 795
4, 795
4, 795
1, 703
4, 853
4, 795
4, 795
4, 795
4, 795
4, 795
0, 66
4, 854
4, 795
4, 795
4, 854
4, 851
4, 851
4, 817
4, 851
4, 851
1, 750
0, 64
0, 237
0, 178
0, 64
4, 854
4, 851
4, 851
4, 851
4, 851
0, 35
4, 851
4, 854
4, 851
4, 851
4, 850
4, 851
4, 795
4, 795
4, 816
4, 795
4, 795
4, 795
4, 795
4, 792
0, 205
4, 795
4, 850
4, 795
4, 853
4, 795
4, 795
4, 795
1, 673
4, 795
4, 795
4, 795
4, 795
4, 853
4, 795
4, 796
4, 794
4, 794
4, 795
4, 795
4, 816
1, 351
0, 64
4, 854
4, 795
1, 453
4, 796
4, 795
4, 853
4, 795
4, 795
4, 795
4, 795
4, 853
0, 267
4, 856
4, 795
4, 795
1, 656
0, 35
4, 795
1, 424
4, 854
4, 795
4, 795
4, 795
4, 795
4, 795
4, 795
4, 795
4, 795
4, 795
4, 795
4, 795
4, 795
4, 795
4, 854
1, 429
0, 35
4, 795
4, 795
4, 795
4, 795
1, 426
4, 798
4, 854
4, 795
4, 795
4, 795
4, 850
4, 814
4, 795
4, 856
4, 795
1, 444
1, 427
1, 426
1, 426
1, 426
1, 426
1, 426
1, 426
1, 426
1, 426
1, 426
1, 426
4, 852
1, 426
1, 426
1, 426
1, 426
1, 426
1, 426
1, 426
1, 426
1, 426
1, 426
1, 456
0, 284
1, 426
1, 426
1, 426
1, 426
1, 426
1, 426
4, 1214
1, 426
1, 426
1, 426
1, 426
1, 426
1, 426
1, 426
1, 426
1, 426
4, 795
1, 426
1, 426
1, 426
1, 625
0, 178
0, 64
4, 854
4, 854
1, 428
1, 428
1, 426
4, 795
1, 426
4, 852
1, 426
1, 426
4, 795
1, 432
0, 35
1, 428
1, 428
4, 849
4, 795
1, 426
1, 426
1, 426
4, 795
1, 426
1, 426
4, 795
1, 426
1, 426
4, 854
1, 426
1, 426
1, 608
0, 35
1, 426
4, 795
1, 426
1, 426
4, 794
1, 426
1, 426
0, 255
4, 796
1, 426
1, 426
1, 426
1, 453
1, 427
4, 795
4, 851
1, 426
1, 426
4, 796
1, 426
1, 426
4, 795
0, 216
4, 856
1, 426
4, 795
1, 426
1, 480
1, 429
4, 795
1, 426
1, 426
4, 819
4, 795
1, 426
4, 795
1, 426
1, 426
4, 795
4, 851
1, 426
1, 700
4, 854
0, 64
1, 426
1, 429
4, 854
4, 795
1, 426
4, 795
1, 426
1, 426
4, 795
1, 480
1, 429
4, 797
1, 426
1, 426
4, 795
4, 853
1, 426
4, 795
1, 426
0, 317
4, 854
4, 795
4, 849
4, 851
1, 426
1, 426
4, 795
1, 426
4, 796
1, 426
4, 795
4, 852
4, 871
4, 854
1, 426
4, 795
1, 426
1, 426
4, 795
1, 426
4, 795
4, 858
1, 445
4, 796
1, 426
4, 795
1, 426
4, 794
1, 426
4, 795
1, 426
4, 795
1, 426
4, 795
4, 849
1, 426
4, 795
1, 426
4, 795
1, 426
4, 798
4, 854
4, 858
4, 795
1, 426
4, 795
1, 426
4, 795
4, 851
1, 426
4, 795
1, 426
4, 795
1, 426
4, 851
0, 267
1, 426
4, 795
4, 795
1, 426
4, 795
1, 426
4, 795
1, 426
4, 795
1, 424
4, 852
1, 426
4, 795
1, 426
4, 795
1, 426
4, 795
4, 795
1, 441
4, 796
4, 851
1, 426
4, 795
1, 426
4, 795
4, 795
1, 750
0, 64
4, 854
4, 795
1, 426
4, 795
1, 426
4, 793
1, 697
4, 853
1, 448
4, 854
4, 795
4, 795
4, 795
4, 795
4, 795
4, 795
4, 854
4, 797
1, 658
4, 795
0, 64
4, 795
4, 795
4, 795
4, 795
4, 795
4, 795
4, 795
4, 795
4, 795
4, 850
1, 678
4, 854
4, 816
4, 795
4, 795
4, 795
4, 794
4, 818
4, 815
1, 762
4, 854
4, 795
4, 797
4, 795
4, 795
4, 795
4, 795
0, 66
4, 854
4, 795
4, 1210
0, 64
4, 797
4, 795
4, 796
4, 795
1, 426
4, 851
4, 795
4, 853
4, 795
4, 816
4, 795
4, 854
1, 718
4, 795
4, 795
4, 795
4, 795
4, 795
4, 795
4, 857
4, 795
4, 854
4, 795
4, 795
1, 448
4, 854
4, 795
4, 795
4, 849
0, 64
4, 844
4, 795
4, 820
4, 795
1, 695
4, 854
4, 795
1, 713
0, 177
0, 64
4, 854
4, 795
4, 795
4, 850
4, 795
4, 795
4, 795
4, 850
4, 795
4, 795
4, 795
4, 815
4, 795
4, 795
4, 795
1, 425
4, 795
4, 849
4, 795
1, 685
0, 163
4, 854
4, 795
4, 795
4, 795
4, 795
4, 795
4, 795
4, 795
4, 795
4, 795
4, 795
4, 795
1, 426
4, 795
4, 795
1, 455
1, 449
4, 856
4, 795
4, 795
4, 795
0, 262
4, 795
4, 795
0, 255
4, 795
4, 795
4, 795
4, 795
4, 795
4, 795
4, 795
4, 795
4, 795
4, 797
4, 796
4, 795
4, 795
1, 425
1, 426
4, 795
4, 815
4, 795
4, 850
4, 795
4, 795
4, 795
4, 795
4, 795
4, 795
4, 851
4, 795
4, 794
4, 795
4, 795
4, 795
4, 795
4, 794
4, 794
4, 795
4, 795
4, 795
1, 865
4, 795
4, 795
4, 851
4, 795
4, 795
4, 795
4, 795
4, 795
4, 795
4, 795
4, 795
4, 795
1, 481
0, 64
4, 795
4, 795
4, 854
0, 262
0, 236
0, 178
0, 64
4, 854
4, 795
0, 35
4, 795
4, 806
4, 795
4, 852
4, 853
4, 797
4, 795
4, 884
1, 720
0, 76
1, 488
4, 796
4, 795
4, 854
4, 815
4, 795
4, 795
4, 795
4, 795
4, 795
4, 795
4, 855
1, 448
4, 854
4, 768
4, 853
4, 795
4, 795
4, 795
4, 796
1, 425
4, 795
0, 262
1, 348
0, 178
0, 64
4, 854
4, 795
4, 795
4, 795
4, 795
4, 795
4, 853
4, 795
4, 795
4, 795
4, 795
4, 795
4, 795
4, 795
4, 795
4, 795
1, 425
4, 794
4, 795
4, 797
4, 795
4, 795
4, 851
4, 795
4, 795
4, 795
4, 795
4, 795
4, 795
4, 796
4, 795
4, 821
4, 795
4, 795
4, 795
4, 795
4, 795
4, 795
4, 795
4, 795
4, 795
4, 796
4, 795
4, 795
4, 795
4, 795
4, 795
4, 795
4, 795
4, 795
4, 795
4, 795
4, 795
4, 795
1, 678
0, 35
1, 424
4, 854
4, 795
4, 795
4, 795
4, 795
4, 1050
0, 64
4, 795
1, 698
4, 853
4, 795
4, 795
4, 795
4, 795
4, 795
4, 849
4, 795
4, 795
4, 795
4, 795
4, 795
4, 795
4, 795
4, 795
4, 795
4, 855
4, 795
4, 795
4, 851
4, 854
4, 795
4, 795
4, 795
4, 795
4, 795
4, 795
0, 262
4, 795
4, 795
4, 795
4, 795
4, 795
1, 454
4, 854
4, 795
4, 795
1, 429
0, 35
4, 792
4, 795
0, 267
4, 795
4, 850
4, 795
4, 795
4, 795
4, 795
4, 795
4, 851
4, 795
4, 853
4, 854
4, 797
4, 821
4, 795
4, 795
4, 795
4, 795
4, 795
4, 819
4, 795
4, 806
4, 806
4, 806
4, 806
4, 806
4, 820
4, 850
4, 806
4, 806
4, 795
4, 795
1, 678
0, 35
4, 795
4, 795
4, 854
4, 797
4, 795
4, 1583
4, 795
4, 795
4, 795
4, 795
4, 795
4, 795
4, 795
4, 1686
0, 210
4, 795
4, 852
4, 795
4, 795
4, 795
4, 795
4, 795
4, 795
4, 795
4, 795
4, 795
4, 795
4, 795
4, 822
4, 795
4, 795
4, 806
4, 795
4, 795
4, 795
4, 795
4, 806
