0, 159
0, 64
0, 160
0, 64
0, 226
0, 162
0, 35
0, 106
0, 243
0, 105
0, 188
0, 86
0, 57
0, 277
0, 336
0, 341
0, 150
0, 261
0, 37
0, 1057
0, 59
0, 80
0, 879
0, 851
0, 84
0, 1496
0, 46
0, 803
0, 92
0, 228
0, 147
0, 195
0, 446
0, 133
0, 59
0, 94
0, 265
0, 192
0, 173
0, 528
0, 40
0, 103
0, 267
0, 258
0, 391
0, 322
0, 356
0, 38
0, 297
0, 106
0, 66
0, 216
0, 307
0, 37
0, 411
0, 64
0, 258
0, 541
0, 92
0, 241
0, 214
0, 121
0, 425
0, 527
0, 227
0, 505
0, 90
0, 220
0, 95
0, 64
0, 218
0, 178
0, 37
0, 258
0, 64
0, 130
0, 268
0, 182
0, 317
0, 64
0, 334
0, 70
0, 85
0, 178
0, 126
0, 59
0, 138
0, 472
0, 241
0, 76
0, 64
0, 226
0, 219
0, 285
0, 79
0, 263
0, 49
0, 201
0, 178
0, 64
0, 221
0, 178
0, 120
0, 116
0, 751
0, 37
0, 295
0, 178
0, 177
0, 466
0, 564
0, 228
0, 79
0, 177
0, 174
0, 346
0, 60
0, 443
0, 331
0, 158
0, 59
0, 64
0, 362
0, 134
0, 305
0, 64
0, 177
0, 177
0, 181
0, 1073
0, 177
0, 177
0, 177
0, 178
0, 296
0, 41
0, 177
0, 37
0, 177
0, 219
0, 64
0, 177
0, 151
0, 219
0, 608
0, 219
0, 173
0, 219
0, 350
0, 64
0, 177
0, 64
0, 177
0, 177
0, 177
0, 178
0, 1056
0, 318
0, 182
0, 486
0, 200
0, 257
0, 102
0, 155
0, 64
0, 177
0, 402
0, 75
0, 200
0, 177
0, 219
0, 86
0, 177
0, 103
0, 224
0, 178
0, 651
0, 177
0, 64
0, 177
0, 311
0, 219
0, 177
0, 177
0, 178
0, 75
0, 219
0, 177
0, 37
0, 177
0, 219
0, 178
0, 78
0, 35
0, 177
0, 64
0, 177
0, 177
0, 177
0, 178
0, 240
0, 177
0, 219
0, 44
0, 64
0, 177
0, 275
0, 517
0, 221
0, 64
0, 177
0, 608
0, 178
0, 64
0, 177
0, 177
0, 177
0, 178
0, 53
0, 178
0, 219
0, 219
1, 902
0, 357
0, 35
0, 199
0, 203
0, 327
0, 177
0, 155
0, 177
0, 147
0, 38
0, 177
0, 64
0, 177
0, 177
0, 177
0, 178
0, 219
0, 231
0, 82
0, 219
0, 64
0, 177
0, 481
0, 200
0, 219
0, 177
0, 257
0, 177
0, 84
0, 172
0, 219
0, 177
0, 64
0, 177
0, 177
0, 177
0, 87
0, 1020
0, 219
0, 178
0, 178
0, 219
0, 219
0, 155
0, 177
0, 277
0, 64
0, 177
0, 159
0, 231
0, 470
0, 204
0, 177
0, 177
0, 64
0, 177
0, 177
0, 178
0, 219
0, 232
0, 178
0, 337
0, 219
0, 352
0, 81
0, 194
0, 103
0, 253
0, 64
0, 179
0, 300
0, 64
0, 334
0, 195
0, 152
0, 156
0, 219
0, 64
0, 274
0, 219
0, 214
0, 139
0, 64
0, 447
0, 125
0, 222
0, 219
0, 326
1, 394
0, 255
1, 753
0, 118
0, 64
0, 481
0, 170
0, 35
1, 656
0, 64
0, 319
0, 447
0, 64
0, 226
1, 751
0, 83
0, 272
1, 480
1, 778
0, 457
0, 405
0, 193
0, 96
0, 219
1, 528
0, 43
1, 599
0, 64
1, 861
0, 123
0, 375
0, 563
0, 64
1, 973
0, 193
1, 645
1, 687
0, 38
1, 568
0, 64
1, 569
1, 355
0, 741
0, 241
0, 64
1, 428
0, 193
0, 64
0, 210
0, 50
0, 161
0, 106
1, 476
0, 193
1, 450
0, 271
0, 200
1, 841
0, 359
0, 43
0, 87
0, 84
0, 252
0, 237
1, 415
1, 653
0, 64
1, 414
0, 37
0, 150
1, 414
1, 396
0, 144
0, 415
0, 175
0, 237
0, 35
1, 414
0, 211
1, 414
0, 64
1, 600
1, 415
1, 468
1, 597
1, 414
0, 103
0, 193
1, 414
0, 193
0, 219
0, 219
0, 79
0, 64
1, 418
0, 193
0, 593
0, 130
0, 158
0, 159
0, 64
1, 414
0, 568
1, 415
1, 391
0, 500
1, 398
0, 76
0, 281
1, 414
1, 435
1, 793
0, 127
0, 363
0, 364
0, 64
1, 377
0, 93
0, 420
0, 64
1, 673
1, 414
0, 297
1, 414
0, 42
0, 196
0, 100
0, 219
0, 237
1, 414
0, 193
0, 237
1, 414
0, 252
0, 237
0, 310
0, 64
0, 307
0, 219
0, 94
0, 79
0, 237
0, 237
0, 64
1, 414
0, 64
1, 444
0, 35
1, 417
1, 371
1, 378
1, 467
0, 90
0, 64
1, 850
0, 37
0, 79
0, 193
0, 83
0, 237
0, 219
0, 64
1, 414
1, 512
0, 857
1, 482
0, 64
1, 1011
0, 237
1, 414
1, 448
0, 64
1, 602
0, 219
1, 414
1, 455
0, 135
1, 374
1, 485
1, 374
1, 454
1, 463
1, 588
0, 219
1, 414
0, 578
1, 414
0, 51
0, 74
1, 626
1, 415
0, 193
0, 64
1, 414
0, 82
1, 511
0, 451
0, 193
1, 414
0, 64
1, 857
1, 549
1, 985
0, 41
1, 757
1, 415
1, 836
0, 113
0, 80
0, 47
0, 285
0, 237
1, 414
1, 1180
0, 83
0, 237
1, 415
1, 1105
0, 504
1, 577
0, 38
1, 414
0, 96
0, 207
1, 414
0, 112
1, 578
0, 162
1, 414
0, 193
1, 414
0, 78
1, 578
0, 184
0, 115
0, 237
0, 219
1, 389
1, 421
0, 211
1, 414
0, 64
1, 561
0, 81
1, 577
0, 146
0, 169
0, 64
1, 414
1, 451
0, 208
0, 195
1, 415
1, 578
0, 53
0, 64
1, 414
0, 236
0, 35
1, 414
0, 35
1, 712
0, 194
0, 44
0, 284
0, 64
1, 414
0, 193
0, 219
0, 219
0, 41
0, 219
0, 415
0, 119
0, 114
0, 64
1, 437
1, 384
0, 183
1, 414
1, 438
1, 631
1, 414
0, 431
0, 275
1, 414
0, 64
1, 435
1, 436
0, 64
1, 435
1, 435
0, 193
0, 50
1, 415
1, 435
0, 269
1, 414
1, 577
0, 67
0, 128
1, 415
1, 578
0, 78
1, 408
0, 67
1, 578
0, 237
0, 237
0, 64
1, 414
0, 38
1, 577
0, 64
1, 414
0, 193
0, 237
0, 86
0, 237
1, 414
1, 436
1, 578
1, 414
0, 340
1, 414
0, 64
1, 435
1, 577
1, 414
1, 435
0, 244
0, 288
1, 414
0, 233
0, 219
0, 209
0, 237
1, 414
1, 577
1, 414
0, 193
0, 64
1, 414
0, 112
1, 436
1, 435
1, 577
1, 414
1, 436
1, 578
1, 414
0, 166
0, 64
1, 414
1, 435
0, 193
0, 92
1, 415
0, 64
1, 435
0, 290
0, 237
1, 415
1, 577
1, 415
1, 578
1, 414
0, 193
1, 414
0, 82
1, 577
1, 414
1, 436
1, 436
0, 296
0, 237
0, 219
0, 64
1, 414
1, 435
0, 64
1, 435
1, 435
1, 577
1, 414
0, 453
1, 436
1, 440
1, 436
0, 193
1, 414
1, 578
1, 414
1, 577
1, 414
0, 64
1, 435
0, 225
1, 460
1, 436
0, 196
1, 414
0, 193
1, 415
0, 44
1, 578
1, 465
0, 64
1, 435
0, 64
1, 435
1, 435
1, 761
0, 89
1, 415
1, 436
1, 577
1, 407
0, 35
0, 256
0, 237
0, 237
0, 222
0, 237
0, 64
1, 414
0, 504
0, 64
1, 435
0, 193
0, 219
1, 414
0, 87
0, 64
1, 435
0, 87
0, 193
0, 103
1, 415
1, 577
1, 414
1, 578
1, 414
0, 64
1, 435
1, 436
0, 290
0, 64
1, 414
0, 193
0, 237
0, 508
1, 578
1, 580
0, 219
1, 896
1, 450
1, 578
1, 934
1, 436
0, 64
0, 64
1, 435
1, 435
1, 577
1, 1108
0, 35
1, 831
0, 193
0, 64
1, 839
1, 435
1, 578
1, 582
1, 660
0, 219
1, 619
0, 64
1, 683
1, 731
1, 659
1, 598
0, 219
0, 565
1, 892
1, 578
1, 663
0, 91
1, 678
0, 60
1, 923
0, 193
0, 108
0, 237
1, 918
0, 64
1, 435
0, 193
1, 719
0, 207
1, 717
1, 696
1, 752
0, 38
1, 674
0, 100
0, 120
0, 237
1, 689
0, 99
0, 219
0, 41
0, 219
0, 237
1, 648
0, 272
0, 91
0, 137
0, 219
0, 308
0, 237
0, 219
0, 64
1, 773
0, 84
0, 196
1, 645
0, 87
0, 443
1, 436
0, 789
1, 645
0, 237
0, 237
0, 76
0, 523
0, 193
1, 716
0, 219
1, 671
1, 703
0, 264
0, 35
1, 644
0, 50
1, 713
0, 97
0, 237
0, 64
1, 710
0, 219
1, 645
0, 64
1, 927
0, 64
1, 435
1, 596
1, 643
0, 64
1, 642
0, 64
1, 642
0, 64
0, 401
1, 578
1, 642
0, 64
1, 642
0, 64
1, 642
0, 64
1, 642
0, 64
1, 857
0, 64
1, 435
0, 361
0, 193
0, 219
1, 643
0, 64
1, 643
0, 64
1, 894
0, 193
0, 237
0, 171
0, 195
0, 155
1, 643
0, 64
1, 418
0, 193
0, 64
1, 907
0, 64
1, 435
0, 64
1, 435
1, 435
1, 578
1, 642
0, 64
1, 642
0, 64
1, 642
0, 64
1, 643
0, 64
1, 642
0, 64
1, 642
0, 64
1, 642
0, 64
1, 682
0, 38
1, 465
0, 175
1, 418
1, 579
1, 355
1, 577
1, 642
0, 64
1, 642
0, 64
1, 642
0, 64
1, 642
0, 64
1, 644
0, 64
4, 847
1, 436
1, 577
4, 1670
1, 645
0, 305
4, 965
1, 578
4, 1364
0, 159
4, 1214
0, 64
4, 879
0, 64
1, 578
4, 3867
0, 193
0, 140
0, 285
0, 219
4, 1094
0, 249
0, 97
0, 237
4, 844
1, 436
0, 193
1, 456
0, 38
1, 580
4, 2498
0, 235
0, 120
4, 1051
1, 435
0, 201
0, 64
1, 663
0, 59
4, 1374
1, 577
0, 145
0, 237
4, 819
1, 578
4, 769
0, 64
4, 858
0, 774
4, 817
0, 193
4, 891
1, 577
4, 1051
1, 435
1, 436
0, 336
0, 237
4, 797
0, 64
1, 435
1, 435
0, 64
0, 156
0, 237
1, 755
4, 1138
1, 687
4, 1062
0, 219
0, 219
0, 137
4, 959
0, 165
4, 1151
1, 436
1, 577
4, 803
0, 64
1, 435
1, 805
1, 436
0, 193
4, 1324
1, 435
0, 58
0, 49
0, 295
0, 237
0, 219
0, 237
0, 237
0, 268
0, 284
0, 64
4, 1210
0, 64
0, 195
4, 846
0, 390
0, 711
0, 210
4, 799
1, 435
1, 436
1, 435
0, 114
1, 436
1, 660
0, 59
4, 1431
4, 827
1, 436
1, 622
0, 237
0, 64
1, 418
0, 64
1, 435
0, 64
1, 435
0, 193
5, 2797
0, 127
1, 359
1, 968
0, 64
1, 435
1, 435
0, 35
1, 948
0, 135
0, 86
0, 97
0, 108
1, 436
1, 436
1, 662
4, 1081
4, 3740
1, 435
1, 665
0, 268
0, 69
0, 89
4, 738
4, 829
1, 721
1, 789
1, 840
0, 193
0, 219
0, 64
4, 761
0, 64
25, 6242
1, 644
0, 35
1, 627
0, 226
0, 219
0, 277
0, 219
4, 907
1, 375
1, 664
0, 46
4, 846
0, 80
1, 687
1, 358
1, 684
4, 905
1, 684
4, 776
0, 64
4, 1038
4, 956
0, 252
0, 37
1, 682
1, 643
0, 64
4, 934
0, 264
0, 281
0, 237
0, 383
0, 64
1, 435
0, 258
0, 150
0, 237
4, 910
1, 556
1, 435
0, 64
1, 435
0, 193
0, 237
4, 840
1, 684
4, 899
0, 196
0, 133
4, 929
0, 196
0, 64
4, 802
1, 684
4, 1324
1, 435
1, 435
0, 37
1, 684
1, 683
0, 64
4, 823
1, 436
1, 436
1, 685
1, 622
0, 167
0, 237
4, 1019
1, 685
4, 748
0, 118
1, 1233
0, 193
0, 128
4, 900
1, 684
1, 639
4, 924
0, 193
4, 1484
1, 729
0, 219
4, 949
1, 684
4, 741
4, 1164
0, 128
0, 90
0, 237
4, 892
0, 193
4, 904
0, 193
4, 847
1, 684
1, 665
0, 422
0, 193
4, 883
1, 684
4, 1230
0, 142
0, 64
1, 435
1, 684
4, 816
1, 686
0, 64
4, 1143
0, 64
4, 765
4, 1308
1, 684
4, 881
1, 684
4, 915
0, 196
0, 219
4, 904
1, 686
0, 64
4, 1422
0, 43
1, 685
4, 881
0, 64
1, 688
0, 64
4, 923
4, 1648
0, 64
4, 980
0, 193
0, 64
4, 1032
4, 1537
1, 844
1, 453
0, 84
0, 193
4, 798
1, 684
4, 769
4, 832
0, 64
1, 471
1, 661
0, 64
4, 916
1, 684
4, 967
1, 636
0, 219
4, 1151
5, 4771
1, 713
0, 237
1, 683
0, 64
1, 683
0, 64
1, 1176
4, 1542
1, 894
1, 1006
0, 64
4, 910
0, 354
4, 936
1, 684
4, 745
0, 64
4, 946
0, 193
0, 237
0, 219
4, 935
0, 245
4, 738
4, 915
1, 684
4, 1192
1, 684
4, 841
0, 64
1, 657
0, 120
0, 99
0, 237
4, 1004
1, 452
0, 193
0, 158
0, 489
0, 90
0, 64
1, 836
0, 64
1, 1107
0, 95
0, 94
4, 2148
0, 89
1, 930
1, 618
0, 237
0, 64
4, 775
4, 790
1, 685
4, 781
0, 64
4, 744
1, 455
1, 614
0, 148
1, 655
0, 237
0, 237
0, 184
0, 219
0, 219
0, 237
0, 248
0, 107
4, 943
1, 684
4, 1686
1, 685
4, 910
0, 88
0, 92
1, 684
4, 888
0, 64
0, 460
1, 706
0, 35
4, 738
4, 879
1, 683
4, 878
1, 685
0, 64
4, 872
0, 223
4, 889
1, 684
4, 1433
0, 208
0, 237
4, 789
1, 646
4, 733
4, 836
1, 652
0, 280
0, 46
4, 1015
4, 875
0, 135
0, 170
0, 237
4, 896
1, 684
4, 798
0, 64
1, 722
4, 1025
0, 64
4, 935
1, 685
1, 458
1, 685
4, 910
0, 193
0, 87
0, 237
4, 771
0, 64
1, 644
0, 64
4, 1238
0, 64
4, 951
4, 926
0, 193
4, 891
0, 193
4, 917
1, 898
0, 35
0, 194
0, 96
0, 90
0, 237
0, 64
4, 750
4, 901
1, 940
4, 885
1, 750
0, 219
0, 474
0, 272
0, 64
4, 749
0, 219
0, 214
0, 145
0, 64
1, 983
0, 96
4, 901
1, 682
4, 883
1, 823
0, 98
0, 64
1, 688
0, 219
0, 64
4, 731
0, 139
0, 288
0, 219
0, 103
0, 95
1, 418
1, 700
4, 892
4, 897
25, 5215
1, 700
0, 64
4, 883
4, 848
1, 757
4, 763
0, 237
4, 748
0, 219
4, 758
0, 92
0, 141
0, 64
4, 741
4, 886
1, 681
0, 108
0, 64
4, 947
0, 193
4, 909
0, 193
0, 64
4, 903
4, 966
1, 660
0, 360
1, 660
0, 219
4, 906
4, 860
0, 64
1, 659
0, 219
4, 2403
4, 892
0, 193
0, 219
4, 889
4, 901
0, 193
4, 771
0, 54
4, 899
4, 888
0, 193
1, 647
0, 64
4, 911
0, 193
4, 893
4, 894
0, 193
0, 237
0, 219
0, 414
0, 64
1, 659
1, 480
1, 660
1, 695
1, 416
1, 659
1, 475
0, 57
1, 659
1, 681
4, 888
4, 902
0, 193
0, 41
1, 690
4, 803
4, 888
0, 193
0, 122
4, 916
0, 193
4, 2040
0, 232
0, 73
4, 758
4, 889
0, 193
4, 815
1, 659
1, 583
0, 305
4, 880
4, 1093
0, 193
4, 738
1, 450
1, 664
0, 237
4, 898
4, 907
0, 193
0, 64
4, 754
0, 106
4, 1054
0, 64
4, 734
4, 760
0, 237
4, 905
4, 883
0, 193
4, 794
4, 892
0, 193
1, 475
0, 235
0, 287
4, 888
0, 193
1, 362
4, 1420
4, 888
0, 38
4, 962
0, 193
1, 817
0, 64
1, 659
1, 423
0, 728
0, 237
0, 44
1, 473
0, 118
1, 660
1, 894
0, 233
0, 64
4, 910
0, 662
0, 237
0, 94
1, 968
1, 659
1, 664
0, 269
4, 899
4, 916
4, 798
0, 64
1, 659
1, 823
0, 473
1, 660
1, 503
4, 916
0, 193
0, 237
1, 642
0, 64
4, 1334
0, 193
0, 586
4, 889
0, 193
4, 888
0, 193
0, 88
4, 884
4, 4728
0, 35
0, 230
4, 782
4, 1005
4, 1147
0, 112
4, 744
4, 916
4, 921
0, 120
1, 659
1, 671
4, 794
1, 760
1, 770
1, 804
4, 900
0, 193
4, 835
1, 678
4, 891
4, 900
0, 193
5, 2739
4, 900
0, 193
4, 924
0, 193
0, 64
4, 1283
0, 193
0, 650
1, 754
0, 102
4, 1327
1, 660
4, 966
0, 704
4, 901
0, 193
4, 753
0, 139
0, 237
4, 800
4, 905
0, 193
4, 879
4, 959
1, 1173
4, 899
0, 193
0, 237
1, 808
0, 85
1, 628
1, 418
0, 92
0, 64
1, 659
1, 960
0, 193
0, 293
0, 237
4, 1331
0, 193
0, 93
0, 238
0, 64
4, 890
4, 896
0, 193
4, 772
0, 64
4, 737
4, 897
0, 193
4, 735
4, 1032
0, 193
0, 64
4, 893
1, 684
4, 772
4, 726
0, 107
0, 64
4, 905
4, 1025
1, 659
1, 829
0, 189
0, 153
1, 597
4, 823
4, 946
4, 891
4, 1072
4, 832
0, 38
4, 907
0, 193
4, 1037
0, 172
0, 237
4, 2118
0, 64
1, 659
1, 736
1, 714
4, 894
0, 193
1, 476
4, 1345
1, 660
4, 887
4, 893
1, 660
1, 759
0, 145
4, 981
0, 91
0, 237
4, 895
0, 193
4, 898
0, 193
4, 2623
4, 889
0, 193
0, 604
4, 1658
0, 193
0, 237
4, 903
1, 660
4, 1023
1, 659
4, 883
4, 1859
0, 193
4, 885
0, 402
0, 404
0, 152
4, 881
0, 193
0, 279
4, 765
0, 237
4, 877
0, 276
0, 92
0, 276
4, 916
1, 659
0, 303
0, 75
4, 1031
0, 193
4, 817
1, 659
1, 472
0, 236
0, 237
0, 237
0, 50
4, 915
4, 964
4, 765
4, 924
0, 193
4, 1243
25, 2180
0, 64
1, 659
4, 887
0, 193
0, 64
4, 1174
4, 893
4, 887
0, 193
4, 899
4, 957
0, 303
0, 64
4, 1290
0, 206
4, 942
0, 214
4, 884
0, 195
0, 148
4, 881
4, 909
0, 228
0, 319
0, 237
4, 907
4, 894
4, 889
0, 193
4, 891
0, 193
4, 895
1, 659
4, 1326
4, 891
4, 889
0, 193
4, 847
4, 906
1, 878
1, 875
1, 660
4, 887
1, 686
1, 429
4, 919
0, 193
4, 856
5, 3911
0, 85
4, 911
4, 912
0, 193
4, 757
4, 861
0, 662
0, 237
4, 902
1, 860
4, 1383
4, 942
4, 905
4, 889
4, 890
4, 890
0, 193
4, 901
4, 890
4, 892
4, 893
0, 193
4, 889
4, 884
4, 906
0, 193
0, 64
4, 738
4, 898
0, 193
0, 237
1, 450
0, 64
4, 888
4, 892
4, 903
0, 193
4, 910
1, 904
0, 193
0, 37
4, 824
0, 64
4, 886
4, 888
0, 193
4, 890
4, 888
4, 891
4, 912
1, 773
4, 1570
0, 85
0, 237
0, 134
0, 237
4, 886
0, 193
1, 474
0, 70
4, 907
4, 890
0, 193
4, 1122
4, 888
0, 193
0, 271
1, 720
1, 1143
0, 140
0, 237
4, 886
4, 895
4, 887
0, 193
4, 808
0, 193
4, 893
4, 905
4, 856
0, 132
0, 271
0, 187
1, 747
0, 244
0, 230
4, 885
4, 893
0, 193
4, 835
4, 904
0, 193
4, 899
4, 775
4, 840
4, 894
0, 193
4, 906
4, 888
0, 193
4, 893
1, 749
0, 64
1, 364
0, 537
4, 889
4, 892
0, 193
1, 425
0, 96
0, 193
0, 64
4, 1446
0, 427
4, 893
4, 898
4, 916
0, 193
4, 895
0, 193
4, 767
4, 892
4, 893
4, 893
4, 873
4, 889
4, 893
0, 193
4, 886
4, 883
0, 193
0, 237
4, 895
4, 894
4, 888
0, 193
0, 226
4, 748
4, 1218
0, 193
0, 64
4, 847
4, 887
0, 193
0, 215
1, 611
0, 293
4, 745
4, 1305
4, 908
0, 193
4, 895
1, 536
0, 361
0, 64
4, 889
0, 276
4, 924
4, 886
4, 894
0, 193
0, 228
4, 840
0, 210
0, 237
4, 799
4, 892
0, 193
0, 64
4, 896
0, 193
4, 1023
0, 193
4, 892
0, 193
4, 885
0, 193
4, 945
1, 792
0, 57
4, 909
0, 193
4, 731
4, 924
4, 890
0, 193
0, 239
0, 35
4, 897
0, 193
4, 905
0, 193
1, 729
0, 308
0, 124
0, 1712
0, 64
4, 767
0, 64
4, 944
4, 895
0, 193
4, 1038
0, 123
0, 64
4, 879
4, 883
0, 193
0, 44
4, 885
0, 287
0, 64
4, 840
0, 193
25, 1551
0, 64
4, 887
0, 193
1, 425
1, 795
4, 892
4, 883
0, 193
4, 745
4, 1233
4, 889
0, 193
0, 64
4, 889
4, 884
0, 193
4, 765
0, 228
4, 879
0, 193
4, 851
0, 75
0, 193
0, 139
0, 64
4, 2623
0, 154
0, 237
0, 64
4, 890
0, 193
4, 1056
4, 1010
4, 888
4, 903
4, 890
0, 193
4, 741
4, 899
0, 193
4, 895
4, 892
4, 883
0, 193
4, 906
0, 193
4, 887
4, 887
0, 193
4, 923
1, 426
0, 38
4, 903
0, 193
4, 899
0, 193
4, 886
4, 886
0, 193
4, 902
4, 891
4, 1023
0, 193
4, 905
0, 193
4, 806
4, 890
0, 193
0, 237
4, 729
4, 898
4, 900
4, 953
4, 887
0, 193
4, 890
0, 193
0, 64
4, 881
4, 891
0, 193
4, 1933
0, 64
4, 750
4, 881
4, 895
0, 193
0, 2067
4, 879
0, 193
4, 894
4, 915
0, 193
4, 984
4, 890
0, 193
4, 891
4, 883
0, 193
4, 877
0, 193
4, 1087
0, 296
0, 288
4, 755
0, 237
4, 895
0, 193
4, 897
4, 843
1, 891
0, 124
0, 64
0, 195
4, 768
4, 888
0, 193
4, 824
4, 891
0, 193
4, 776
4, 744
4, 894
0, 193
0, 104
0, 331
0, 64
4, 890
0, 193
0, 271
1, 616
0, 64
4, 890
0, 193
4, 732
4, 893
0, 193
4, 887
0, 150
0, 237
4, 1034
0, 195
0, 64
4, 812
4, 893
0, 193
4, 886
4, 902
0, 193
4, 1154
0, 342
4, 892
0, 193
0, 237
1, 710
4, 907
0, 193
4, 893
0, 406
4, 914
0, 193
0, 122
4, 886
4, 894
0, 193
4, 966
4, 892
1, 701
0, 37
4, 897
4, 891
4, 894
0, 193
1, 588
4, 893
4, 931
0, 193
4, 764
4, 955
0, 1592
1, 757
0, 386
0, 140
0, 64
0, 195
4, 775
4, 876
0, 87
1, 921
4, 983
0, 193
4, 885
0, 193
4, 848
0, 172
0, 237
4, 740
4, 748
4, 877
4, 890
4, 908
0, 193
4, 896
0, 193
4, 1440
4, 846
0, 195
4, 769
0, 64
4, 894
4, 1175
0, 193
4, 1040
0, 64
0, 224
4, 773
0, 64
4, 929
4, 891
4, 1402
0, 156
0, 237
4, 749
4, 913
4, 830
0, 195
4, 869
0, 195
4, 886
4, 889
0, 193
4, 893
4, 885
4, 905
0, 193
4, 889
4, 906
0, 193
4, 890
4, 888
4, 882
0, 193
4, 887
4, 966
0, 64
0, 195
4, 888
4, 892
0, 193
4, 892
1, 946
0, 78
1, 474
0, 195
4, 1078
0, 193
4, 842
4, 881
0, 193
4, 746
4, 892
0, 193
4, 897
0, 193
4, 1127
4, 890
4, 916
0, 193
1, 1053
0, 272
4, 942
4, 905
4, 902
4, 891
0, 193
4, 879
4, 894
0, 193
4, 896
0, 193
1, 805
4, 778
1, 870
0, 195
4, 883
0, 193
4, 896
4, 905
0, 193
0, 280
4, 913
0, 193
4, 896
0, 193
4, 1041
0, 193
4, 904
0, 193
4, 900
0, 193
4, 773
4, 886
0, 193
4, 738
4, 753
0, 250
0, 275
4, 1003
4, 881
0, 193
4, 729
4, 1036
0, 193
4, 763
0, 64
0, 251
0, 195
0, 414
0, 64
0, 195
4, 918
0, 193
4, 888
4, 1862
4, 891
0, 193
4, 906
1, 718
0, 492
4, 889
0, 193
4, 737
4, 887
0, 193
4, 889
0, 193
4, 1731
0, 193
4, 923
0, 193
4, 900
0, 193
4, 807
0, 193
4, 787
0, 64
4, 898
0, 193
4, 885
0, 193
4, 903
4, 884
4, 894
0, 193
4, 852
0, 195
4, 746
4, 774
0, 64
1, 532
4, 906
0, 193
4, 897
0, 193
1, 418
4, 881
0, 193
4, 874
0, 193
4, 929
0, 193
4, 881
0, 193
4, 933
0, 193
4, 763
1, 473
1, 796
0, 193
4, 786
0, 193
4, 859
0, 193
4, 908
0, 193
4, 896
0, 280
4, 737
1, 450
0, 195
4, 1896
0, 195
4, 902
0, 193
4, 889
0, 193
4, 891
4, 904
0, 193
4, 889
0, 193
1, 1243
0, 60
0, 195
4, 1073
0, 64
4, 920
4, 891
4, 1007
4, 895
4, 887
0, 193
1, 712
4, 908
0, 193
4, 889
0, 193
4, 930
0, 293
4, 887
0, 193
4, 939
4, 885
0, 193
4, 890
0, 193
4, 1323
0, 193
4, 942
4, 782
4, 1065
0, 35
4, 884
4, 968
4, 905
0, 193
1, 661
0, 64
4, 913
0, 275
4, 887
4, 895
0, 193
0, 289
4, 903
4, 786
0, 64
4, 887
4, 894
4, 1190
4, 901
0, 193
1, 649
4, 897
0, 193
4, 893
1, 705
4, 895
4, 898
0, 195
4, 891
0, 193
4, 890
0, 193
4, 891
4, 892
4, 904
0, 193
0, 338
0, 64
4, 744
4, 738
4, 769
0, 64
1, 694
4, 892
1, 451
4, 903
0, 193
4, 890
0, 193
4, 888
4, 906
0, 193
1, 680
4, 886
4, 890
0, 195
4, 917
0, 193
4, 875
1, 713
4, 731
0, 87
1, 1064
4, 910
1, 646
0, 390
0, 193
4, 898
4, 1503
4, 888
0, 193
4, 888
4, 885
0, 193
4, 1369
0, 64
0, 195
4, 906
4, 892
5, 7377
0, 64
0, 195
4, 903
0, 300
0, 50
0, 223
1, 627
1, 1008
0, 64
4, 924
4, 900
0, 193
1, 851
0, 64
0, 195
4, 875
1, 452
0, 282
1, 650
0, 231
1, 435
4, 829
4, 885
0, 193
4, 909
0, 193
4, 886
0, 193
4, 895
0, 193
4, 837
0, 64
0, 195
4, 778
4, 889
4, 899
0, 193
4, 1017
0, 64
0, 195
4, 895
0, 193
4, 894
0, 193
1, 846
0, 64
0, 195
4, 755
1, 441
0, 64
0, 195
4, 888
0, 197
1, 537
0, 149
0, 193
4, 887
4, 887
0, 193
4, 919
0, 195
4, 806
4, 928
0, 444
0, 193
4, 781
4, 892
4, 786
0, 64
4, 792
4, 920
4, 888
0, 193
4, 742
4, 791
4, 891
4, 901
0, 193
4, 881
0, 193
4, 774
0, 64
4, 813
0, 195
4, 784
4, 895
0, 193
1, 568
1, 492
0, 193
4, 731
4, 1092
0, 195
4, 893
4, 860
4, 893
0, 193
4, 790
4, 924
0, 193
4, 879
1, 486
0, 193
4, 901
0, 193
4, 877
4, 882
0, 193
4, 752
4, 882
4, 893
4, 908
0, 193
4, 896
4, 833
1, 682
4, 887
0, 193
4, 887
4, 948
0, 260
4, 879
0, 193
4, 740
4, 910
0, 193
4, 928
4, 886
4, 1104
0, 121
4, 895
0, 193
4, 761
1, 490
0, 193
4, 909
0, 193
4, 780
4, 891
4, 893
0, 193
4, 784
4, 888
4, 885
0, 195
4, 895
0, 193
4, 812
4, 886
0, 193
1, 855
0, 107
4, 889
4, 906
0, 193
4, 766
4, 912
1, 597
4, 865
4, 1001
4, 913
0, 193
4, 927
1, 430
0, 63
0, 193
4, 895
0, 193
4, 898
0, 115
0, 193
4, 878
4, 890
4, 897
0, 193
4, 887
4, 779
4, 761
1, 490
0, 193
4, 740
4, 887
0, 193
4, 898
0, 193
4, 892
0, 193
4, 768
4, 751
4, 735
4, 895
0, 193
4, 887
0, 193
4, 775
0, 64
4, 891
0, 193
4, 747
4, 884
4, 895
0, 193
4, 776
4, 753
4, 885
0, 193
4, 918
1, 1065
1, 490
0, 193
4, 883
4, 778
4, 901
0, 193
4, 883
0, 193
4, 905
4, 892
0, 193
4, 777
4, 889
4, 936
0, 279
4, 890
0, 193
4, 843
4, 889
4, 906
0, 193
4, 886
0, 193
4, 904
0, 193
4, 729
4, 893
0, 402
0, 195
4, 1027
4, 891
0, 38
4, 886
0, 193
4, 887
4, 845
0, 193
4, 908
0, 193
4, 909
4, 891
0, 193
4, 802
4, 800
0, 193
0, 322
4, 775
4, 892
0, 193
4, 912
4, 825
4, 908
0, 193
4, 764
1, 699
0, 64
4, 901
0, 193
4, 891
0, 193
4, 818
1, 487
0, 193
4, 767
0, 64
4, 738
4, 890
4, 896
0, 193
4, 888
0, 193
4, 977
4, 897
0, 193
4, 733
4, 884
0, 193
4, 928
4, 889
4, 837
0, 338
1, 606
4, 880
0, 193
4, 745
4, 891
0, 193
4, 888
4, 885
0, 193
4, 1463
0, 195
4, 786
4, 1011
0, 193
4, 773
0, 142
1, 490
0, 193
4, 907
0, 193
4, 788
4, 892
0, 193
4, 894
4, 891
4, 885
0, 193
4, 880
4, 888
4, 891
4, 1170
0, 195
4, 887
4, 831
4, 905
0, 193
4, 875
0, 366
0, 193
4, 765
0, 64
4, 847
4, 892
0, 193
4, 748
4, 794
4, 907
0, 193
4, 798
4, 904
1, 679
0, 70
4, 888
0, 193
4, 897
0, 193
4, 892
4, 890
0, 193
4, 731
4, 998
0, 193
4, 891
4, 889
0, 193
4, 887
0, 193
4, 885
0, 193
4, 784
4, 885
4, 886
0, 193
4, 763
4, 819
4, 892
4, 895
4, 904
0, 193
4, 790
4, 904
1, 841
4, 890
4, 885
0, 193
4, 883
1, 765
1, 666
4, 753
0, 121
0, 303
0, 272
4, 905
4, 884
0, 193
4, 749
4, 908
4, 902
4, 895
4, 892
4, 891
4, 906
0, 193
4, 854
0, 195
4, 874
4, 780
1, 417
1, 454
1, 488
0, 193
4, 735
4, 894
0, 193
1, 791
0, 193
4, 772
4, 961
4, 891
4, 952
1, 577
4, 738
1, 545
1, 495
0, 193
1, 705
0, 255
1, 490
0, 230
0, 35
4, 805
0, 195
4, 905
4, 902
0, 193
4, 887
0, 195
4, 906
4, 835
4, 896
4, 892
4, 869
4, 775
4, 888
4, 906
0, 193
4, 890
0, 193
4, 898
0, 193
4, 760
1, 712
0, 118
4, 896
0, 193
4, 886
0, 193
4, 883
4, 906
0, 193
4, 890
0, 193
4, 1027
4, 882
0, 193
4, 887
4, 894
4, 884
0, 193
4, 881
1, 643
4, 892
0, 193
1, 489
0, 271
4, 892
0, 193
4, 801
4, 895
4, 891
1, 718
4, 883
1, 885
4, 893
4, 903
0, 193
4, 737
4, 897
0, 195
4, 732
4, 860
4, 909
0, 193
4, 812
4, 904
4, 885
0, 193
4, 797
0, 195
4, 883
4, 879
4, 907
4, 887
0, 193
4, 882
4, 907
0, 193
4, 866
4, 886
0, 193
4, 762
1, 490
0, 234
4, 963
0, 193
4, 880
0, 269
4, 898
0, 193
4, 753
4, 889
1, 489
0, 195
4, 895
0, 193
4, 764
4, 908
0, 193
4, 951
0, 193
4, 1236
4, 907
0, 193
4, 892
0, 193
4, 892
4, 782
4, 875
4, 893
4, 895
4, 893
4, 881
4, 829
4, 882
0, 193
4, 897
0, 193
4, 760
4, 884
4, 894
4, 895
0, 195
4, 834
1, 388
0, 63
4, 883
4, 877
4, 1905
0, 296
4, 876
1, 727
0, 54
4, 882
4, 893
4, 878
4, 893
4, 884
0, 193
4, 786
4, 890
0, 193
4, 880
4, 891
4, 886
0, 195
4, 861
0, 280
4, 999
0, 193
4, 737
4, 812
4, 885
0, 193
4, 911
4, 885
0, 193
1, 640
4, 885
0, 208
4, 885
4, 884
0, 193
4, 741
4, 883
4, 897
4, 890
4, 783
0, 243
4, 892
0, 193
0, 177
4, 942
4, 882
4, 895
4, 908
0, 193
4, 883
0, 193
4, 752
4, 879
0, 193
4, 883
4, 907
0, 193
1, 428
0, 78
4, 881
0, 193
4, 788
4, 898
1, 731
1, 490
0, 195
4, 881
4, 891
4, 885
0, 193
4, 901
0, 101
4, 801
0, 64
0, 195
4, 896
0, 193
4, 802
4, 836
4, 896
4, 884
0, 193
4, 876
4, 888
4, 884
0, 193
4, 757
0, 196
4, 887
0, 193
4, 794
1, 646
0, 64
4, 888
4, 890
1, 686
4, 906
0, 193
4, 874
4, 895
4, 906
0, 193
4, 928
0, 195
4, 875
4, 902
4, 901
1, 606
0, 64
4, 737
4, 875
4, 902
4, 899
4, 900
4, 901
1, 452
0, 267
1, 490
0, 64
0, 195
4, 907
0, 193
4, 1072
4, 899
4, 899
4, 899
4, 899
4, 899
4, 901
4, 919
1, 488
0, 215
4, 883
1, 754
4, 894
4, 900
1, 722
4, 880
4, 900
4, 899
4, 899
4, 899
4, 899
1, 849
0, 109
0, 365
0, 195
4, 881
0, 193
4, 890
0, 193
0, 681
0, 46
4, 890
4, 899
4, 899
0, 230
1, 490
0, 195
4, 754
4, 819
1, 487
0, 195
4, 734
4, 898
0, 193
4, 886
1, 744
4, 873
4, 899
4, 899
1, 447
0, 2212
1, 490
0, 195
4, 811
4, 903
4, 886
1, 447
0, 64
0, 195
4, 878
1, 487
0, 195
4, 901
0, 193
4, 885
4, 893
4, 884
4, 906
0, 196
4, 745
4, 877
4, 777
4, 880
4, 900
4, 899
4, 891
4, 885
0, 193
4, 727
1, 490
0, 195
4, 898
0, 193
4, 735
4, 878
4, 895
4, 899
4, 899
4, 899
1, 490
0, 195
4, 786
4, 900
1, 636
0, 81
4, 880
4, 899
4, 883
0, 193
4, 897
0, 193
4, 731
4, 1047
0, 193
4, 878
4, 880
4, 899
4, 799
0, 288
4, 887
0, 196
4, 876
4, 900
1, 548
4, 891
0, 193
4, 824
4, 883
4, 878
0, 193
4, 882
4, 899
4, 900
4, 829
4, 830
1, 730
4, 873
4, 831
4, 830
4, 875
1, 778
4, 873
4, 829
1, 734
4, 830
1, 729
1, 678
4, 2349
0, 204
4, 881
4, 830
4, 832
4, 901
4, 829
4, 830
4, 828
4, 883
1, 876
0, 195
4, 786
4, 902
1, 411
0, 55
0, 64
0, 193
4, 784
1, 777
0, 195
4, 786
4, 918
0, 193
4, 786
4, 900
4, 899
4, 898
4, 887
0, 193
4, 784
4, 882
0, 193
4, 784
4, 832
4, 880
4, 829
4, 832
4, 831
4, 828
4, 887
4, 901
4, 899
4, 829
4, 884
0, 193
4, 784
4, 830
4, 832
4, 835
4, 830
4, 875
4, 827
4, 828
4, 828
1, 489
4, 826
4, 828
4, 828
0, 278
4, 784
4, 828
4, 828
4, 828
4, 885
0, 193
4, 784
4, 828
4, 826
4, 883
4, 827
4, 829
4, 828
4, 828
4, 828
4, 828
4, 828
4, 828
4, 828
4, 828
4, 828
4, 828
0, 197
1, 453
4, 827
4, 829
4, 828
4, 828
4, 828
0, 481
4, 828
4, 828
0, 229
0, 64
4, 784
4, 828
4, 828
4, 828
4, 828
4, 828
4, 828
1, 606
4, 873
4, 827
4, 828
4, 828
4, 877
4, 828
0, 270
4, 873
4, 827
4, 829
4, 827
0, 214
1, 747
1, 414
0, 195
4, 784
1, 489
0, 195
4, 784
4, 828
4, 1176
0, 193
4, 784
4, 828
4, 828
1, 1055
0, 272
4, 784
4, 828
4, 828
4, 828
4, 828
4, 839
4, 828
4, 828
4, 828
4, 828
4, 828
1, 1038
0, 64
1, 491
0, 195
4, 784
4, 828
4, 828
1, 487
0, 195
4, 784
1, 465
0, 193
4, 784
4, 828
4, 826
4, 828
4, 828
1, 783
0, 38
4, 827
4, 828
4, 828
4, 828
4, 828
4, 828
4, 828
4, 828
4, 828
4, 829
4, 828
4, 828
4, 883
4, 825
4, 828
4, 828
4, 828
4, 828
4, 828
4, 828
4, 875
0, 227
4, 784
4, 828
4, 828
4, 827
4, 828
4, 828
4, 828
0, 661
1, 490
0, 195
4, 784
4, 828
0, 381
4, 826
4, 828
4, 828
4, 828
4, 828
4, 828
4, 826
1, 740
4, 873
4, 827
4, 828
4, 885
1, 491
0, 52
0, 64
0, 195
4, 784
4, 828
4, 828
4, 828
4, 828
4, 828
4, 828
4, 828
4, 827
4, 828
4, 828
4, 829
4, 828
0, 266
4, 873
4, 828
4, 828
1, 466
0, 338
4, 784
4, 828
4, 828
4, 828
4, 828
4, 828
4, 828
4, 876
4, 827
4, 828
4, 828
4, 828
4, 828
4, 828
4, 830
4, 827
4, 828
4, 828
4, 827
0, 281
1, 490
0, 195
4, 784
4, 828
4, 828
4, 828
4, 828
0, 196
4, 826
4, 828
4, 828
4, 828
1, 747
4, 784
4, 888
0, 193
4, 784
4, 828
4, 827
1, 723
4, 784
4, 828
4, 828
4, 828
0, 195
4, 784
1, 827
4, 828
1, 731
4, 873
4, 827
4, 828
4, 828
0, 197
4, 784
0, 197
1, 417
0, 95
4, 826
4, 828
4, 828
4, 885
4, 827
4, 881
1, 749
0, 139
4, 784
4, 828
4, 828
4, 828
4, 828
4, 828
4, 828
4, 887
4, 827
4, 828
4, 828
4, 828
0, 162
0, 64
1, 696
0, 228
1, 490
0, 195
4, 785
4, 828
4, 828
0, 343
4, 786
1, 750
1, 490
0, 195
4, 784
4, 828
4, 828
4, 828
4, 828
4, 828
4, 828
0, 267
4, 784
4, 900
4, 827
4, 828
4, 829
1, 391
0, 234
4, 785
4, 828
4, 828
4, 828
4, 828
4, 828
4, 828
4, 828
4, 828
4, 828
4, 828
4, 828
4, 829
4, 828
4, 828
4, 828
4, 828
4, 828
4, 827
1, 939
0, 234
4, 873
0, 234
0, 64
1, 491
0, 280
0, 297
4, 785
4, 828
4, 828
4, 828
4, 828
4, 828
4, 828
4, 828
4, 828
4, 828
4, 828
4, 828
4, 831
1, 609
4, 873
4, 827
4, 828
4, 828
1, 388
0, 233
4, 784
4, 907
0, 193
4, 873
4, 828
4, 828
4, 829
1, 753
4, 873
4, 827
4, 828
4, 828
4, 828
4, 828
4, 828
4, 1494
4, 784
4, 828
0, 238
1, 529
4, 826
4, 828
4, 828
4, 828
4, 828
0, 231
0, 2217
4, 784
4, 828
4, 827
4, 828
4, 885
4, 827
4, 828
4, 828
4, 828
4, 828
4, 826
4, 828
4, 828
4, 886
4, 827
4, 828
4, 828
4, 828
4, 828
4, 828
0, 195
4, 784
4, 828
4, 828
4, 828
1, 658
4, 785
4, 828
4, 879
4, 882
0, 193
4, 784
4, 828
4, 828
4, 881
4, 827
4, 828
4, 828
4, 828
4, 828
4, 828
0, 269
4, 784
1, 487
0, 195
4, 789
0, 285
4, 785
4, 828
4, 828
4, 828
4, 828
4, 881
4, 827
4, 828
1, 760
4, 785
4, 885
0, 82
1, 819
0, 235
4, 784
4, 828
1, 474
4, 827
1, 731
4, 873
4, 827
4, 828
4, 828
4, 828
4, 828
4, 828
4, 828
4, 828
4, 828
4, 828
0, 83
1, 799
0, 109
0, 79
4, 826
4, 828
4, 828
4, 828
4, 828
4, 828
4, 828
4, 828
4, 828
0, 108
4, 827
4, 828
4, 828
4, 828
4, 828
4, 1301
4, 827
4, 828
0, 228
4, 784
4, 828
4, 828
4, 828
4, 828
1, 688
4, 784
4, 885
4, 827
4, 828
4, 828
4, 826
1, 771
0, 143
4, 873
4, 827
4, 880
0, 193
1, 644
0, 269
0, 271
4, 784
4, 828
4, 828
4, 828
0, 281
4, 784
4, 828
4, 828
4, 828
4, 828
4, 827
4, 828
4, 828
1, 707
0, 532
0, 193
4, 784
4, 828
4, 828
4, 828
4, 828
4, 828
4, 828
4, 877
4, 827
4, 828
4, 828
4, 828
4, 828
4, 829
4, 828
4, 881
0, 193
4, 784
4, 828
4, 828
4, 828
0, 269
4, 784
4, 828
4, 828
1, 489
0, 195
4, 784
4, 828
4, 830
0, 195
0, 76
4, 826
4, 828
4, 828
4, 828
4, 828
4, 828
4, 828
4, 827
4, 829
4, 828
4, 828
4, 828
4, 828
4, 831
4, 828
1, 655
0, 155
0, 64
1, 490
0, 195
4, 784
4, 828
4, 828
4, 828
4, 828
4, 828
4, 828
4, 828
4, 828
4, 900
4, 828
4, 828
4, 828
4, 828
4, 828
1, 453
4, 827
4, 828
4, 828
4, 826
4, 828
0, 458
0, 64
0, 192
1, 490
0, 195
4, 784
4, 828
4, 828
4, 828
4, 828
4, 828
4, 828
4, 828
4, 828
0, 228
0, 255
4, 873
4, 889
0, 193
4, 784
4, 828
4, 828
0, 306
0, 140
0, 241
4, 784
4, 828
4, 882
0, 193
1, 428
4, 828
0, 193
4, 784
4, 828
4, 828
4, 828
4, 828
4, 827
4, 828
4, 828
4, 828
4, 828
4, 828
4, 828
4, 828
4, 828
4, 826
4, 828
4, 828
4, 828
4, 828
1, 489
0, 195
4, 784
4, 828
4, 828
4, 828
1, 666
1, 490
0, 195
4, 784
4, 828
4, 878
4, 828
4, 828
4, 828
4, 828
4, 828
4, 828
1, 634
0, 152
4, 784
0, 83
4, 829
4, 828
4, 885
0, 193
4, 826
1, 685
4, 785
4, 828
4, 828
4, 882
0, 193
4, 784
4, 829
4, 828
4, 828
4, 885
4, 827
4, 828
4, 828
0, 67
0, 75
0, 193
1, 1002
1, 491
4, 825
4, 828
4, 828
4, 828
4, 828
4, 828
4, 828
4, 828
0, 157
4, 873
4, 827
4, 828
0, 197
4, 784
4, 828
0, 227
4, 784
4, 828
4, 829
4, 828
4, 828
4, 828
4, 828
4, 828
4, 828
4, 881
0, 193
4, 784
4, 828
4, 828
0, 408
0, 193
4, 784
4, 828
4, 828
4, 1668
0, 195
4, 784
4, 828
1, 489
0, 195
4, 784
4, 828
4, 828
0, 286
1, 472
4, 827
4, 828
4, 828
1, 489
0, 195
4, 784
4, 828
4, 828
1, 474
4, 827
0, 197
4, 784
4, 828
4, 828
4, 828
4, 828
4, 828
4, 828
4, 828
4, 828
4, 828
4, 828
1, 695
25, 2034
4, 784
4, 828
4, 828
4, 828
4, 828
1, 388
0, 37
4, 827
4, 828
4, 874
4, 827
4, 828
4, 828
4, 828
4, 828
4, 828
4, 1248
1, 442
4, 828
4, 828
4, 828
4, 885
4, 827
4, 882
0, 355
0, 129
0, 237
4, 784
1, 530
0, 193
4, 784
4, 828
4, 828
4, 828
4, 828
0, 229
4, 785
4, 900
0, 230
4, 785
4, 828
4, 828
4, 828
4, 828
4, 828
4, 828
4, 828
4, 828
4, 828
4, 828
1, 932
4, 879
0, 193
4, 784
4, 828
4, 828
4, 828
4, 828
4, 828
1, 453
4, 875
4, 877
1, 769
1, 451
0, 203
0, 64
1, 490
0, 195
4, 784
4, 880
0, 193
4, 784
4, 826
4, 828
4, 828
4, 828
4, 828
1, 727
4, 873
4, 888
0, 193
1, 667
4, 784
4, 828
4, 828
4, 826
0, 209
4, 877
0, 193
4, 784
4, 828
4, 885
4, 827
4, 828
4, 828
1, 784
0, 236
4, 784
4, 828
4, 828
4, 828
4, 828
4, 829
4, 828
4, 828
4, 828
4, 828
4, 828
4, 828
4, 828
4, 828
4, 828
4, 828
4, 828
1, 905
4, 826
1, 453
4, 827
4, 828
4, 828
4, 828
4, 828
1, 858
0, 237
4, 784
4, 828
4, 828
4, 828
4, 828
1, 448
4, 827
4, 829
4, 828
4, 828
4, 828
4, 828
4, 828
0, 195
4, 784
4, 828
4, 828
4, 828
4, 828
4, 881
0, 193
4, 784
4, 924
0, 193
4, 784
4, 828
4, 828
4, 828
4, 828
4, 828
4, 826
4, 828
4, 828
4, 828
4, 828
4, 828
4, 828
4, 828
4, 828
4, 828
0, 67
0, 193
4, 784
4, 828
4, 828
4, 828
4, 828
4, 828
4, 828
4, 828
4, 828
4, 828
1, 980
4, 826
4, 828
4, 880
0, 193
4, 784
4, 828
4, 828
4, 828
0, 83
1, 391
0, 232
4, 784
4, 828
4, 828
0, 387
0, 257
4, 873
4, 827
4, 828
0, 196
4, 784
4, 828
4, 828
4, 828
4, 828
4, 828
4, 828
4, 828
4, 828
4, 828
4, 828
4, 828
4, 828
1, 388
0, 310
4, 785
4, 828
4, 828
4, 828
4, 828
4, 828
4, 828
4, 828
0, 209
1, 626
0, 610
1, 490
0, 195
4, 784
4, 828
4, 828
4, 828
4, 828
4, 831
1, 755
4, 873
1, 731
1, 425
0, 79
4, 826
4, 828
4, 828
1, 683
0, 35
4, 784
1, 1037
0, 99
1, 490
0, 195
4, 784
4, 878
4, 827
4, 828
1, 806
0, 193
4, 784
4, 828
4, 828
4, 828
0, 64
4, 827
4, 828
4, 887
4, 827
4, 881
0, 193
4, 784
4, 828
4, 828
4, 828
0, 64
0, 195
4, 784
4, 828
4, 828
4, 829
4, 828
4, 828
4, 828
4, 828
4, 827
4, 828
4, 828
4, 828
4, 828
4, 828
4, 828
4, 828
4, 828
4, 828
4, 828
4, 828
4, 828
4, 828
4, 828
1, 422
0, 38
4, 827
4, 828
4, 828
4, 828
1, 751
1, 490
0, 195
4, 785
4, 828
4, 827
4, 828
1, 617
0, 64
1, 491
0, 195
4, 784
4, 828
4, 828
4, 828
4, 828
4, 828
4, 828
4, 828
0, 196
4, 784
4, 828
4, 828
4, 828
1, 489
0, 195
4, 787
4, 828
4, 828
4, 828
4, 828
4, 828
4, 826
4, 828
4, 828
4, 828
4, 828
4, 828
4, 828
4, 829
4, 828
4, 828
4, 828
4, 874
4, 827
4, 828
4, 828
4, 828
0, 227
4, 784
1, 794
4, 879
4, 827
1, 733
4, 784
4, 828
4, 828
4, 828
4, 828
4, 828
4, 828
1, 775
4, 784
4, 828
4, 830
1, 579
4, 784
4, 828
4, 828
4, 828
0, 409
0, 193
4, 784
4, 881
0, 193
4, 784
4, 828
4, 828
4, 828
4, 827
0, 275
4, 785
4, 827
4, 828
4, 829
4, 828
4, 828
4, 828
4, 828
4, 828
4, 828
4, 828
4, 827
4, 828
4, 828
4, 828
4, 828
4, 828
4, 828
4, 828
4, 828
4, 828
4, 828
4, 897
0, 193
1, 643
0, 64
1, 490
0, 195
4, 784
4, 828
4, 828
4, 828
4, 828
4, 828
4, 828
4, 828
4, 828
4, 828
4, 828
4, 828
4, 828
4, 828
4, 878
4, 827
4, 830
4, 828
4, 828
4, 828
1, 489
0, 195
4, 787
4, 828
4, 828
1, 725
1, 495
0, 195
4, 784
4, 828
1, 489
0, 93
0, 193
4, 784
4, 828
1, 664
4, 873
4, 874
4, 827
4, 828
4, 828
4, 828
4, 828
4, 828
4, 875
0, 114
4, 826
4, 828
4, 881
0, 193
4, 828
4, 828
4, 828
4, 828
4, 828
4, 828
4, 880
0, 193
4, 784
4, 828
4, 828
4, 828
4, 828
4, 828
4, 828
4, 828
4, 828
4, 828
4, 828
4, 828
4, 828
4, 828
4, 828
4, 828
4, 828
4, 828
4, 828
4, 828
4, 830
0, 108
0, 193
4, 784
4, 829
4, 828
4, 828
4, 828
0, 196
4, 784
4, 829
4, 882
0, 193
4, 784
4, 905
0, 89
4, 826
4, 828
4, 828
4, 828
0, 197
4, 784
4, 828
4, 828
4, 829
4, 828
4, 828
4, 828
4, 828
4, 828
4, 828
4, 828
4, 828
1, 678
4, 873
4, 827
4, 828
4, 828
4, 828
4, 828
0, 195
4, 784
4, 831
4, 1169
4, 828
4, 828
4, 828
4, 828
4, 828
0, 231
4, 785
1, 685
4, 785
4, 1249
4, 828
4, 828
4, 828
4, 828
4, 773
4, 784
4, 879
4, 827
4, 828
4, 828
4, 828
4, 830
1, 709
0, 270
4, 784
4, 828
4, 879
4, 826
4, 828
4, 828
1, 610
0, 135
0, 64
1, 490
0, 195
1, 450
4, 827
4, 828
4, 828
1, 489
0, 195
4, 784
4, 828
4, 900
4, 827
4, 828
4, 828
4, 828
4, 828
1, 685
4, 785
4, 828
4, 828
4, 828
4, 828
4, 828
0, 227
4, 784
4, 828
4, 899
4, 827
4, 828
4, 828
4, 828
1, 812
0, 235
0, 228
1, 447
4, 826
4, 828
4, 828
4, 828
4, 828
4, 828
4, 829
1, 648
1, 490
0, 195
4, 830
4, 828
4, 828
4, 828
4, 880
4, 827
4, 828
0, 237
4, 1114
0, 195
4, 784
4, 828
4, 828
1, 671
0, 524
0, 193
4, 785
4, 828
1, 670
0, 315
4, 784
4, 828
4, 828
4, 828
4, 828
4, 828
4, 828
4, 828
4, 828
4, 828
4, 828
4, 1250
4, 828
4, 828
4, 828
4, 885
4, 827
4, 828
4, 828
1, 726
0, 74
4, 784
4, 882
0, 193
4, 784
1, 932
0, 231
4, 784
4, 828
4, 828
4, 828
4, 830
4, 828
4, 828
4, 828
4, 828
4, 828
1, 661
4, 784
4, 828
4, 828
4, 828
4, 875
4, 827
4, 826
4, 828
1, 725
0, 35
4, 784
4, 828
1, 724
0, 103
0, 64
1, 490
0, 195
4, 786
4, 828
4, 828
4, 828
4, 828
4, 829
4, 828
4, 1058
0, 198
1, 679
4, 787
4, 828
4, 828
4, 829
0, 426
0, 193
4, 784
4, 828
1, 487
0, 195
4, 784
0, 521
0, 83
0, 209
4, 873
4, 827
4, 828
4, 828
4, 828
4, 828
4, 829
4, 829
4, 828
4, 828
1, 565
4, 784
4, 878
4, 827
4, 828
4, 828
4, 828
4, 827
4, 828
4, 828
4, 828
4, 828
4, 828
4, 828
4, 828
0, 343
4, 785
1, 489
0, 195
1, 689
0, 196
1, 490
0, 195
4, 784
0, 196
1, 905
4, 826
4, 828
1, 744
0, 64
1, 490
0, 195
4, 784
1, 685
4, 785
4, 828
4, 828
4, 828
4, 828
4, 828
1, 492
0, 193
4, 784
4, 828
4, 828
4, 828
4, 828
4, 828
0, 197
4, 784
4, 828
4, 829
4, 828
4, 829
4, 828
4, 828
1, 693
4, 787
4, 828
4, 828
4, 828
0, 197
4, 784
4, 828
0, 281
1, 418
4, 878
4, 827
4, 828
4, 828
4, 830
4, 828
4, 828
4, 828
4, 828
4, 828
0, 196
4, 784
4, 827
4, 875
4, 827
0, 272
4, 784
4, 828
4, 828
4, 828
4, 828
4, 828
4, 828
4, 828
4, 828
1, 489
0, 195
4, 784
4, 828
4, 828
4, 876
4, 1094
1, 490
0, 195
4, 784
4, 828
4, 828
4, 828
4, 828
1, 489
0, 193
4, 784
0, 231
4, 785
4, 827
1, 439
0, 87
0, 78
4, 826
4, 828
1, 672
0, 62
4, 784
4, 828
4, 828
4, 828
4, 828
4, 827
4, 827
4, 828
1, 452
4, 828
4, 828
4, 828
4, 828
4, 828
4, 828
4, 828
4, 828
4, 828
4, 828
4, 828
4, 885
4, 827
1, 700
4, 784
4, 1057
0, 195
4, 784
1, 477
4, 827
1, 487
0, 195
1, 417
4, 828
4, 828
4, 828
4, 828
4, 828
4, 828
4, 828
1, 718
4, 873
4, 827
4, 828
4, 828
4, 875
4, 827
1, 453
1, 512
1, 474
4, 827
4, 828
4, 828
4, 828
4, 828
4, 828
1, 760
0, 198
1, 1018
4, 873
1, 473
4, 826
4, 828
4, 828
4, 828
4, 828
4, 828
4, 882
0, 193
4, 784
4, 828
4, 828
4, 828
0, 281
4, 784
4, 828
0, 67
0, 193
4, 784
4, 830
0, 64
0, 195
4, 784
4, 828
4, 828
4, 881
0, 193
4, 784
4, 828
0, 187
1, 490
0, 195
4, 784
4, 828
4, 828
4, 827
4, 828
4, 828
4, 828
4, 828
4, 828
4, 828
4, 828
4, 828
4, 829
4, 828
0, 272
1, 725
0, 123
0, 81
0, 92
1, 490
0, 195
4, 784
4, 828
1, 699
0, 35
4, 784
4, 828
4, 828
4, 828
4, 828
4, 827
4, 828
4, 828
4, 1126
0, 195
1, 668
1, 490
0, 195
4, 785
4, 828
4, 828
4, 828
1, 489
0, 193
4, 784
4, 878
1, 724
4, 873
4, 827
4, 826
4, 876
4, 827
4, 828
4, 828
4, 828
4, 828
1, 711
4, 873
1, 925
0, 233
0, 215
1, 773
0, 64
0, 90
0, 522
0, 37
4, 829
0, 195
0, 306
4, 785
4, 828
4, 828
4, 828
4, 828
4, 828
4, 828
4, 828
4, 828
4, 828
4, 828
4, 828
4, 828
4, 828
4, 828
4, 828
4, 828
4, 828
4, 828
4, 828
0, 196
4, 784
1, 672
4, 785
4, 828
4, 880
0, 193
4, 784
4, 828
4, 828
4, 1154
4, 826
4, 828
4, 830
4, 1249
4, 828
4, 828
4, 828
4, 828
4, 828
4, 828
1, 863
0, 44
4, 881
0, 193
4, 784
4, 828
0, 197
4, 784
4, 828
4, 829
4, 828
4, 828
0, 195
4, 873
1, 483
0, 64
0, 195
4, 784
4, 828
4, 828
4, 828
4, 828
0, 195
4, 784
4, 828
4, 828
4, 828
4, 828
1, 530
0, 143
0, 229
4, 785
1, 451
4, 878
4, 827
4, 828
4, 828
4, 828
1, 677
4, 785
4, 828
4, 828
0, 228
4, 784
4, 828
4, 828
4, 826
4, 828
4, 828
1, 391
0, 237
4, 784
4, 828
4, 828
4, 828
4, 827
1, 464
4, 828
1, 489
0, 195
4, 784
4, 889
0, 193
4, 784
4, 828
4, 828
1, 489
0, 195
4, 784
4, 828
4, 828
4, 828
4, 828
4, 828
4, 828
4, 828
4, 829
4, 828
4, 828
4, 830
4, 881
0, 193
4, 784
4, 828
4, 828
4, 828
4, 828
1, 551
0, 325
4, 785
4, 828
4, 828
4, 828
4, 828
4, 828
4, 885
0, 193
4, 784
4, 829
1, 702
0, 47
4, 785
1, 822
1, 708
0, 227
4, 784
4, 881
0, 193
4, 784
1, 704
0, 266
0, 64
1, 490
0, 195
4, 784
4, 828
4, 828
4, 828
4, 828
4, 828
4, 828
4, 828
4, 828
4, 828
4, 828
4, 828
0, 147
0, 193
4, 784
1, 727
4, 873
4, 827
4, 828
4, 829
0, 511
4, 827
4, 890
0, 193
4, 784
4, 828
4, 828
4, 828
4, 828
4, 828
4, 828
4, 828
4, 828
4, 828
4, 828
4, 828
4, 828
4, 828
1, 726
4, 873
4, 827
4, 829
4, 828
4, 828
4, 829
4, 881
0, 193
4, 784
4, 828
4, 828
4, 828
4, 828
4, 828
4, 828
4, 828
4, 829
4, 829
4, 881
0, 193
4, 784
4, 828
1, 761
1, 490
0, 195
1, 447
4, 826
4, 828
4, 828
4, 829
1, 679
0, 35
4, 784
1, 451
4, 827
4, 828
4, 828
4, 828
4, 875
1, 619
0, 59
0, 64
1, 490
0, 195
4, 784
4, 828
4, 828
4, 828
4, 828
4, 828
4, 828
4, 829
4, 828
4, 828
4, 828
4, 828
4, 828
1, 400
0, 236
4, 784
4, 828
4, 828
4, 828
4, 828
4, 828
4, 828
4, 828
4, 828
4, 828
4, 828
4, 828
4, 828
4, 828
4, 828
0, 195
0, 64
1, 490
0, 195
4, 784
4, 828
4, 828
4, 828
4, 828
4, 828
4, 828
4, 828
4, 828
4, 828
4, 828
4, 828
4, 828
4, 828
1, 773
4, 784
4, 829
4, 828
4, 828
4, 828
4, 828
4, 828
4, 828
4, 828
1, 725
4, 873
4, 827
4, 828
4, 828
4, 828
4, 828
4, 828
1, 774
1, 487
1, 487
0, 195
4, 784
1, 515
0, 237
4, 784
4, 828
4, 829
4, 828
4, 828
4, 828
4, 828
4, 828
1, 606
0, 166
4, 784
4, 828
4, 828
4, 828
4, 829
4, 828
1, 487
0, 195
4, 784
1, 489
0, 195
4, 784
4, 829
4, 828
4, 828
4, 828
4, 828
4, 828
4, 828
4, 828
4, 828
4, 828
4, 828
4, 828
4, 828
4, 828
4, 828
4, 828
4, 828
4, 828
4, 828
4, 828
4, 828
4, 828
4, 828
4, 828
4, 828
4, 828
4, 830
4, 828
4, 828
4, 828
4, 828
4, 881
0, 193
4, 784
4, 826
4, 826
0, 228
4, 789
4, 828
4, 828
4, 828
4, 828
0, 227
4, 784
4, 828
4, 828
4, 828
4, 828
4, 828
4, 828
4, 876
4, 827
4, 875
4, 827
4, 828
4, 828
1, 771
1, 628
1, 490
0, 195
4, 784
4, 828
4, 828
4, 828
4, 828
4, 828
4, 827
4, 828
4, 828
4, 828
4, 828
4, 828
4, 828
4, 878
0, 230
0, 64
1, 490
0, 195
0, 195
4, 784
4, 1166
4, 828
4, 828
4, 828
4, 828
4, 828
4, 828
1, 484
0, 64
0, 195
4, 784
4, 829
4, 828
4, 828
4, 828
1, 491
0, 195
4, 784
4, 831
0, 438
0, 193
4, 784
4, 826
1, 688
0, 221
0, 328
4, 784
4, 828
4, 828
4, 828
4, 828
4, 828
1, 774
1, 425
0, 290
1, 464
0, 418
4, 826
4, 875
4, 827
4, 828
4, 828
4, 830
1, 804
0, 41
4, 828
0, 83
1, 649
0, 64
1, 490
0, 195
4, 784
4, 828
4, 828
4, 830
1, 729
4, 785
4, 1006
0, 195
4, 784
4, 828
4, 828
4, 828
4, 828
4, 828
1, 489
0, 195
4, 784
4, 828
4, 888
0, 193
4, 784
4, 885
4, 827
0, 281
4, 784
4, 828
0, 209
0, 219
0, 64
1, 490
0, 195
4, 784
4, 828
1, 436
0, 193
4, 784
4, 828
4, 828
1, 766
1, 490
0, 195
4, 784
4, 828
4, 828
4, 828
4, 828
4, 828
4, 828
4, 828
1, 640
1, 490
0, 195
4, 787
4, 828
4, 828
4, 828
4, 828
4, 828
4, 828
4, 828
4, 829
4, 828
4, 887
0, 193
4, 785
4, 828
4, 828
4, 878
4, 827
4, 828
4, 828
4, 828
4, 828
4, 828
1, 829
4, 828
4, 828
4, 828
4, 828
4, 828
0, 574
1, 490
0, 195
4, 784
4, 828
4, 828
4, 828
4, 828
4, 828
4, 828
4, 828
1, 910
0, 233
4, 784
4, 828
4, 828
4, 828
1, 727
4, 873
1, 776
1, 490
0, 195
4, 785
4, 828
4, 903
0, 193
4, 784
0, 209
4, 873
4, 827
4, 828
4, 877
4, 827
4, 828
4, 828
4, 828
1, 493
4, 828
4, 828
4, 828
4, 828
4, 829
4, 827
1, 828
0, 168
0, 94
1, 490
0, 195
4, 784
4, 828
4, 828
4, 828
4, 828
4, 830
4, 828
4, 828
4, 828
4, 828
4, 828
4, 828
4, 828
4, 887
4, 825
4, 826
4, 826
1, 856
0, 193
4, 784
4, 826
4, 826
4, 826
0, 281
4, 784
4, 826
1, 489
0, 193
4, 784
4, 826
4, 826
1, 714
4, 784
4, 826
4, 826
4, 826
4, 826
1, 1032
0, 35
4, 815
4, 826
4, 826
4, 826
4, 826
4, 826
4, 826
4, 826
1, 709
0, 64
1, 490
0, 195
4, 784
4, 826
4, 826
4, 826
4, 826
4, 826
4, 826
4, 826
4, 826
4, 826
4, 826
4, 826
4, 825
4, 826
4, 826
4, 826
4, 826
1, 453
4, 823
0, 236
4, 784
4, 826
4, 826
4, 826
4, 826
4, 828
4, 826
4, 826
4, 826
4, 826
4, 826
4, 826
4, 826
4, 826
4, 826
4, 826
4, 826
4, 826
4, 826
4, 826
4, 826
1, 488
0, 195
4, 784
4, 826
4, 826
4, 826
4, 826
4, 826
4, 826
4, 826
4, 826
4, 826
4, 826
4, 881
0, 193
4, 784
4, 902
4, 825
4, 826
4, 826
4, 875
4, 825
4, 826
4, 826
4, 826
4, 826
4, 826
4, 826
4, 826
4, 826
4, 826
4, 827
0, 231
0, 64
1, 490
0, 195
4, 784
4, 826
4, 826
4, 826
0, 209
4, 872
0, 231
4, 784
4, 826
4, 826
4, 826
4, 826
4, 826
4, 826
4, 826
4, 826
4, 885
4, 825
4, 826
4, 826
4, 826
4, 826
4, 826
4, 826
1, 680
0, 35
4, 824
4, 826
4, 826
4, 826
4, 826
4, 826
4, 824
4, 826
4, 826
4, 826
4, 826
4, 826
4, 826
4, 823
4, 827
4, 890
0, 193
4, 784
4, 890
0, 193
4, 784
4, 827
4, 823
4, 890
0, 193
4, 784
4, 826
4, 825
4, 826
4, 826
4, 880
0, 193
4, 784
4, 826
4, 826
4, 826
4, 826
4, 826
4, 826
4, 826
4, 826
4, 826
4, 826
4, 829
4, 826
0, 196
4, 784
4, 826
4, 826
4, 826
4, 826
4, 826
4, 824
4, 826
4, 826
4, 826
1, 487
0, 195
4, 784
4, 826
1, 578
4, 784
4, 826
1, 613
0, 35
4, 784
4, 824
4, 826
4, 826
4, 826
4, 826
4, 826
4, 826
4, 826
4, 888
0, 193
4, 784
4, 826
4, 826
4, 826
4, 826
4, 826
4, 826
1, 667
4, 785
4, 826
4, 826
4, 826
4, 826
4, 826
4, 883
0, 193
4, 784
4, 826
1, 729
0, 35
4, 784
0, 91
0, 193
4, 784
4, 826
0, 634
0, 108
1, 490
0, 195
4, 784
4, 826
1, 884
0, 232
4, 784
4, 826
0, 227
4, 784
4, 826
4, 826
4, 826
4, 826
4, 826
4, 826
4, 826
4, 826
1, 729
4, 785
1, 796
4, 824
0, 274
4, 784
4, 876
4, 825
4, 826
4, 825
4, 826
4, 826
4, 826
4, 826
0, 197
4, 785
4, 826
4, 1055
0, 195
1, 487
0, 195
4, 784
4, 826
4, 826
4, 826
4, 826
4, 826
4, 826
4, 826
4, 824
4, 826
4, 826
4, 826
1, 721
0, 35
4, 784
4, 828
4, 826
0, 206
4, 873
4, 825
1, 827
4, 826
4, 826
4, 826
4, 826
1, 472
4, 825
4, 826
4, 824
4, 826
4, 826
1, 726
4, 784
4, 826
4, 826
4, 826
4, 826
4, 826
4, 826
1, 698
0, 35
4, 784
4, 826
4, 826
4, 826
1, 961
4, 880
0, 193
4, 784
4, 826
4, 826
4, 826
4, 890
0, 193
1, 676
0, 35
1, 871
0, 195
4, 785
4, 826
4, 826
4, 877
4, 825
4, 826
4, 826
4, 826
4, 880
0, 193
4, 784
4, 881
0, 208
1, 884
4, 823
4, 826
4, 826
4, 826
4, 881
0, 193
4, 784
4, 826
4, 826
4, 829
4, 826
4, 826
4, 826
4, 826
4, 826
4, 826
4, 826
4, 876
4, 825
4, 826
4, 826
4, 824
4, 826
4, 876
4, 827
4, 826
4, 876
4, 827
0, 195
4, 784
4, 826
4, 826
0, 281
4, 784
4, 826
4, 826
4, 826
4, 826
4, 826
4, 876
4, 1255
0, 225
0, 64
1, 490
0, 195
4, 784
1, 528
0, 64
0, 195
4, 784
4, 826
4, 826
4, 826
4, 826
4, 826
4, 826
4, 826
4, 826
4, 826
4, 826
4, 826
4, 826
4, 826
4, 826
4, 826
4, 823
0, 268
0, 64
1, 491
0, 195
1, 776
1, 528
0, 234
4, 825
4, 826
4, 826
4, 826
4, 826
4, 880
0, 228
4, 785
4, 826
4, 826
4, 826
4, 826
4, 826
4, 826
4, 826
4, 826
4, 826
4, 826
4, 826
4, 824
1, 451
4, 825
4, 826
4, 826
4, 826
4, 826
4, 826
4, 826
4, 826
4, 826
4, 826
4, 825
4, 826
4, 826
1, 489
0, 195
4, 784
4, 826
4, 826
4, 826
4, 826
4, 826
4, 826
4, 826
4, 826
4, 826
4, 826
4, 826
4, 826
4, 826
0, 197
4, 784
4, 826
0, 196
4, 784
4, 826
4, 826
4, 826
4, 826
4, 826
4, 823
1, 721
0, 251
0, 64
4, 1251
0, 209
0, 236
4, 790
4, 826
4, 826
1, 801
0, 64
0, 195
4, 784
1, 635
0, 35
4, 784
4, 826
4, 826
4, 826
0, 196
4, 784
1, 1072
0, 35
4, 784
4, 826
4, 827
1, 773
1, 490
0, 195
4, 784
4, 881
0, 193
1, 642
0, 64
1, 490
0, 195
4, 784
0, 231
0, 64
1, 490
0, 195
4, 784
4, 826
4, 826
4, 875
4, 825
4, 826
4, 826
4, 826
4, 826
4, 826
4, 826
4, 826
4, 878
4, 889
0, 193
4, 784
4, 826
4, 826
4, 826
4, 826
4, 826
4, 826
4, 826
0, 197
0, 195
4, 784
4, 826
4, 826
4, 826
0, 196
4, 872
4, 876
0, 193
4, 784
4, 826
4, 826
4, 826
4, 826
4, 826
4, 794
0, 196
4, 784
4, 826
4, 826
4, 827
0, 101
0, 195
4, 784
1, 701
1, 490
0, 195
4, 784
4, 826
4, 826
4, 826
4, 877
4, 825
1, 806
0, 235
4, 784
1, 452
4, 827
4, 823
4, 890
0, 193
4, 784
4, 885
4, 825
4, 826
4, 826
1, 619
0, 35
4, 784
1, 779
0, 117
1, 612
0, 98
0, 35
4, 784
1, 711
0, 35
4, 784
1, 747
0, 64
1, 490
0, 195
4, 784
4, 879
0, 193
4, 784
4, 884
0, 193
0, 276
4, 873
1, 730
4, 873
1, 663
4, 785
1, 926
0, 77
1, 687
0, 35
4, 824
1, 692
0, 35
4, 784
4, 896
1, 809
4, 880
0, 193
4, 784
4, 918
0, 193
4, 784
4, 883
1, 488
0, 195
4, 785
1, 1144
4, 784
4, 823
4, 884
0, 193
4, 784
1, 828
0, 78
1, 984
0, 64
4, 826
4, 823
1, 689
0, 35
4, 784
1, 474
4, 882
4, 883
0, 193
4, 878
4, 825
4, 906
0, 193
4, 784
4, 880
0, 193
4, 784
1, 686
4, 784
4, 884
0, 193
4, 784
4, 927
0, 193
4, 784
4, 890
0, 193
4, 784
4, 823
1, 729
1, 490
0, 195
4, 784
4, 884
0, 193
4, 784
4, 823
1, 692
0, 70
0, 64
1, 490
0, 195
4, 784
4, 884
0, 193
4, 784
4, 890
0, 193
4, 784
4, 823
4, 823
4, 826
4, 884
0, 193
0, 91
1, 490
0, 195
4, 784
4, 890
0, 193
4, 784
1, 729
0, 64
1, 490
0, 195
4, 784
4, 890
0, 193
4, 784
4, 874
4, 822
1, 797
4, 823
4, 826
4, 884
0, 193
0, 140
1, 490
0, 195
4, 784
1, 719
0, 64
1, 427
0, 207
4, 873
1, 929
0, 195
4, 790
4, 835
4, 824
4, 826
4, 800
0, 195
4, 784
4, 826
4, 826
4, 884
0, 193
4, 784
4, 906
0, 193
4, 784
4, 823
4, 914
0, 193
4, 784
4, 826
1, 489
0, 195
4, 784
4, 824
4, 884
0, 193
4, 784
4, 836
4, 931
0, 193
4, 784
4, 884
0, 193
4, 784
1, 472
4, 889
0, 193
4, 784
4, 823
4, 890
0, 193
1, 450
1, 781
4, 873
4, 883
0, 193
4, 784
4, 836
4, 884
0, 193
4, 784
1, 697
4, 784
4, 828
4, 890
0, 193
4, 784
4, 823
4, 890
0, 193
4, 784
4, 884
0, 193
4, 784
4, 890
0, 196
4, 784
1, 926
0, 38
4, 822
4, 890
0, 193
4, 784
4, 884
0, 193
4, 784
1, 818
0, 710
0, 35
4, 784
4, 836
4, 884
0, 193
4, 784
1, 484
0, 64
0, 195
4, 784
4, 836
4, 884
0, 193
0, 263
0, 64
1, 490
0, 195
4, 784
4, 836
4, 826
1, 528
4, 884
0, 193
4, 785
4, 836
4, 884
0, 193
4, 878
4, 890
0, 193
4, 787
4, 826
4, 826
4, 826
4, 884
0, 193
4, 784
4, 826
4, 827
0, 370
4, 880
4, 825
4, 884
0, 193
4, 786
4, 891
0, 193
4, 784
0, 227
4, 784
4, 884
0, 193
4, 784
4, 891
0, 193
4, 784
4, 884
0, 193
4, 784
4, 891
0, 193
4, 784
4, 875
4, 883
0, 193
4, 784
4, 891
0, 193
4, 784
4, 826
4, 822
4, 891
0, 193
1, 414
0, 230
4, 785
1, 489
0, 195
4, 784
1, 926
0, 75
0, 193
4, 784
4, 891
0, 193
4, 784
1, 950
0, 193
4, 784
1, 892
0, 313
1, 490
0, 195
4, 784
4, 884
0, 193
4, 784
4, 891
0, 193
4, 784
4, 823
1, 683
0, 35
4, 784
1, 724
4, 967
0, 193
4, 787
4, 823
4, 824
1, 453
4, 883
0, 193
4, 784
4, 890
0, 193
4, 784
4, 884
0, 193
4, 787
4, 890
0, 193
4, 784
4, 891
0, 193
4, 784
4, 884
0, 193
4, 784
4, 826
1, 949
0, 237
4, 784
4, 890
0, 193
4, 784
4, 823
4, 884
0, 193
4, 784
4, 884
0, 193
4, 784
4, 890
0, 193
1, 795
0, 2120
0, 141
4, 823
4, 828
4, 882
4, 890
0, 193
4, 825
4, 890
0, 193
4, 871
4, 889
0, 193
4, 882
0, 193
4, 784
4, 884
0, 223
0, 64
1, 490
0, 195
4, 784
4, 890
0, 193
4, 784
4, 884
0, 193
4, 784
4, 891
0, 193
4, 784
4, 826
4, 890
0, 193
0, 104
4, 787
0, 265
0, 35
4, 784
4, 884
0, 193
4, 784
4, 890
0, 193
4, 784
4, 890
0, 193
1, 570
1, 471
4, 826
4, 884
0, 193
4, 784
4, 884
0, 193
1, 715
4, 873
1, 848
0, 94
1, 425
0, 235
4, 784
4, 823
4, 890
0, 193
4, 784
4, 884
0, 193
4, 873
4, 890
0, 193
4, 784
4, 884
0, 193
1, 424
0, 237
4, 784
4, 890
0, 193
4, 784
4, 884
0, 193
4, 784
1, 633
1, 490
0, 195
4, 784
4, 838
4, 823
4, 825
4, 875
4, 883
0, 193
4, 784
4, 891
0, 193
0, 210
0, 64
1, 490
0, 197
4, 784
4, 824
0, 87
0, 193
1, 491
0, 195
4, 824
4, 890
0, 193
4, 784
4, 884
0, 193
4, 784
4, 890
0, 228
4, 784
4, 884
0, 193
4, 784
4, 891
0, 193
4, 784
4, 823
4, 826
0, 101
0, 195
4, 784
4, 890
0, 193
4, 1013
0, 195
4, 784
4, 890
0, 193
4, 784
4, 884
0, 193
4, 784
1, 698
0, 64
1, 490
0, 195
4, 784
4, 824
4, 890
0, 193
4, 784
0, 638
1, 490
0, 195
4, 784
4, 825
4, 884
0, 193
4, 784
4, 891
0, 193
4, 784
4, 947
0, 193
4, 784
4, 875
4, 889
0, 193
4, 784
4, 884
0, 193
4, 784
4, 891
0, 193
4, 784
4, 823
4, 823
4, 825
1, 748
0, 64
1, 490
0, 195
4, 784
4, 826
1, 757
1, 490
0, 195
0, 342
4, 873
4, 822
4, 825
4, 884
0, 193
4, 784
1, 773
4, 873
4, 827
4, 883
1, 765
0, 277
4, 786
4, 823
1, 666
0, 137
4, 784
4, 823
4, 884
0, 193
4, 784
1, 756
0, 549
4, 890
0, 193
4, 784
4, 822
4, 825
4, 887
0, 193
4, 784
1, 489
0, 195
4, 786
4, 826
0, 80
4, 823
1, 489
0, 195
4, 784
4, 884
0, 193
4, 784
4, 886
0, 193
4, 823
4, 884
0, 193
4, 784
4, 891
0, 193
4, 784
4, 884
0, 193
4, 784
4, 890
0, 193
4, 784
4, 823
1, 615
0, 102
4, 873
4, 825
4, 825
4, 826
0, 198
4, 784
4, 825
4, 828
4, 883
4, 825
4, 825
4, 826
4, 825
1, 729
4, 789
4, 884
0, 193
4, 784
4, 884
0, 193
4, 784
4, 828
0, 195
4, 786
4, 884
0, 193
0, 195
4, 784
4, 884
0, 193
1, 712
0, 64
1, 490
0, 195
4, 784
4, 826
1, 514
0, 64
1, 484
0, 195
1, 664
1, 492
0, 193
4, 784
4, 884
0, 193
4, 784
4, 825
4, 884
0, 193
4, 784
4, 875
4, 825
4, 884
0, 193
1, 608
4, 873
4, 883
0, 193
4, 784
1, 487
0, 237
4, 784
4, 825
4, 883
0, 193
1, 665
1, 491
0, 195
4, 784
4, 826
4, 884
0, 193
4, 784
0, 228
1, 717
4, 873
4, 822
4, 878
4, 883
0, 193
4, 784
4, 826
4, 884
0, 193
4, 784
4, 890
0, 193
4, 784
1, 464
4, 884
0, 193
4, 784
4, 883
4, 890
0, 193
4, 784
4, 823
4, 823
4, 828
4, 825
4, 825
4, 826
4, 884
0, 232
4, 785
4, 826
4, 826
4, 826
4, 826
4, 1054
0, 195
4, 784
4, 884
0, 196
4, 784
4, 875
4, 825
4, 884
0, 193
4, 784
4, 884
0, 193
4, 784
4, 876
4, 824
4, 884
0, 193
4, 784
4, 826
4, 825
4, 826
4, 884
0, 193
4, 784
4, 884
0, 193
1, 447
4, 823
4, 828
4, 825
4, 826
4, 884
0, 193
4, 784
4, 825
4, 826
4, 875
4, 824
4, 826
4, 825
4, 826
4, 825
4, 880
0, 193
4, 784
4, 826
0, 272
4, 784
4, 825
4, 826
4, 825
4, 826
4, 825
4, 891
0, 193
4, 784
4, 825
4, 825
4, 825
4, 825
4, 825
4, 828
4, 880
0, 193
0, 195
4, 784
4, 884
0, 193
4, 784
4, 884
0, 193
4, 784
4, 884
0, 193
4, 784
4, 884
0, 193
4, 784
4, 884
0, 193
4, 784
4, 827
4, 884
0, 193
4, 784
4, 884
0, 193
4, 784
4, 884
0, 193
4, 785
1, 474
4, 883
0, 193
4, 784
4, 884
0, 193
4, 784
4, 884
0, 193
4, 784
4, 884
0, 193
0, 230
1, 492
0, 193
1, 689
4, 784
1, 745
4, 873
4, 888
0, 193
4, 784
4, 1369
0, 193
4, 784
4, 827
4, 823
4, 823
4, 884
0, 193
4, 784
0, 343
4, 785
4, 890
0, 193
4, 784
4, 823
4, 884
0, 193
4, 784
4, 891
0, 193
1, 488
0, 195
4, 873
4, 822
4, 884
0, 193
4, 784
1, 487
0, 195
4, 784
4, 874
4, 889
0, 193
4, 1067
0, 35
4, 784
4, 823
4, 884
0, 193
4, 784
4, 927
0, 193
4, 784
4, 891
0, 193
4, 784
4, 823
0, 231
0, 64
1, 490
0, 195
4, 784
4, 876
4, 890
0, 193
4, 784
0, 272
4, 823
4, 884
0, 193
0, 228
4, 785
4, 891
0, 193
0, 228
4, 784
4, 822
4, 884
0, 193
4, 784
1, 518
0, 64
0, 195
4, 784
4, 890
0, 193
4, 784
4, 823
4, 884
0, 193
4, 784
4, 891
0, 193
4, 784
4, 823
4, 825
4, 823
4, 885
4, 821
4, 823
4, 825
1, 504
0, 82
1, 495
0, 195
4, 784
4, 884
0, 193
4, 784
4, 884
0, 193
1, 838
0, 93
4, 823
4, 835
4, 823
1, 758
4, 785
4, 824
1, 673
4, 882
4, 822
1, 452
1, 745
1, 490
0, 195
4, 784
4, 823
4, 890
0, 193
4, 784
0, 209
4, 873
0, 196
4, 784
4, 822
0, 83
4, 826
0, 196
4, 784
4, 884
0, 193
0, 144
1, 490
0, 195
4, 784
4, 890
0, 193
4, 784
4, 1220
4, 784
4, 823
0, 196
4, 784
4, 890
0, 193
4, 784
1, 453
4, 827
4, 828
4, 882
4, 889
0, 193
4, 784
4, 890
0, 193
4, 784
4, 890
0, 193
4, 784
4, 884
0, 193
4, 784
4, 897
0, 193
4, 784
4, 891
0, 193
4, 784
4, 822
4, 825
1, 776
1, 524
4, 823
1, 489
0, 195
4, 784
4, 875
4, 888
0, 193
4, 879
1, 489
0, 195
1, 664
1, 491
0, 195
4, 784
4, 890
0, 193
4, 784
4, 822
4, 826
4, 884
0, 193
4, 784
4, 890
0, 193
4, 790
1, 736
0, 64
1, 490
0, 195
4, 784
4, 880
4, 821
4, 822
4, 891
0, 193
4, 784
4, 822
4, 823
4, 889
0, 196
4, 784
4, 891
0, 193
4, 785
4, 822
4, 884
0, 193
4, 784
4, 890
0, 193
4, 793
4, 822
4, 885
4, 821
1, 645
4, 873
4, 888
0, 193
4, 784
4, 889
0, 193
4, 784
4, 889
0, 193
4, 784
1, 702
4, 784
4, 880
4, 889
0, 193
4, 784
4, 823
4, 890
0, 193
4, 732
4, 784
4, 890
0, 193
4, 784
4, 890
0, 193
4, 784
4, 890
0, 193
4, 784
0, 92
0, 195
4, 824
4, 890
0, 193
4, 784
4, 890
0, 193
1, 699
0, 220
0, 64
1, 491
0, 195
4, 784
4, 890
1, 520
4, 883
0, 193
4, 784
4, 890
0, 193
4, 787
4, 823
4, 883
0, 193
4, 824
4, 889
0, 193
4, 784
4, 891
0, 193
4, 784
1, 787
0, 81
4, 823
0, 197
4, 784
4, 891
0, 193
0, 216
0, 64
1, 490
0, 195
1, 859
4, 889
0, 193
4, 784
1, 391
0, 157
0, 35
4, 784
4, 891
0, 193
4, 784
4, 827
4, 889
0, 193
4, 784
4, 891
0, 193
4, 784
4, 825
4, 826
0, 196
4, 781
4, 825
4, 884
0, 193
4, 787
4, 884
0, 193
4, 784
4, 884
0, 193
4, 872
4, 821
4, 884
0, 193
4, 784
4, 822
4, 823
4, 822
4, 823
4, 891
0, 193
4, 876
4, 821
4, 822
4, 822
4, 822
4, 889
0, 193
4, 784
1, 644
1, 490
0, 195
4, 784
4, 822
4, 822
0, 275
4, 784
4, 890
0, 252
4, 784
4, 824
4, 822
4, 822
4, 822
4, 889
0, 193
4, 785
0, 272
4, 886
0, 196
4, 784
4, 888
0, 193
4, 784
1, 745
0, 64
1, 490
0, 195
4, 784
4, 822
0, 231
0, 64
1, 490
0, 195
4, 785
1, 453
4, 827
4, 890
0, 195
4, 784
4, 822
4, 889
0, 193
4, 784
4, 822
4, 822
4, 890
0, 193
4, 784
4, 822
1, 776
0, 105
0, 193
4, 880
0, 193
4, 784
4, 822
4, 822
4, 1196
4, 823
4, 822
4, 822
4, 890
0, 193
4, 784
4, 822
4, 822
1, 734
0, 64
1, 490
0, 195
4, 784
4, 822
4, 822
4, 885
4, 823
4, 822
4, 822
4, 889
0, 193
4, 784
4, 822
4, 877
4, 821
4, 890
0, 193
4, 784
4, 823
4, 822
4, 889
0, 193
4, 784
4, 822
1, 819
0, 81
4, 823
4, 889
0, 193
4, 784
4, 886
0, 195
4, 784
4, 889
0, 193
4, 785
4, 890
0, 193
4, 784
4, 889
0, 193
4, 784
4, 887
0, 193
4, 1240
1, 453
4, 832
4, 827
1, 488
0, 195
4, 784
4, 890
0, 193
4, 784
1, 487
0, 195
4, 784
0, 197
4, 784
1, 762
0, 230
4, 785
4, 889
0, 193
4, 784
1, 733
4, 784
4, 889
0, 193
4, 784
1, 689
0, 35
4, 784
4, 889
0, 193
4, 784
4, 887
0, 193
4, 784
4, 889
0, 193
4, 787
1, 808
0, 38
4, 821
4, 822
4, 1189
4, 784
4, 822
4, 824
4, 889
0, 193
4, 784
4, 822
4, 889
0, 193
4, 784
4, 822
0, 101
0, 195
4, 784
4, 822
4, 822
4, 884
4, 880
0, 193
4, 784
4, 887
0, 193
4, 784
0, 343
4, 788
4, 889
0, 193
4, 784
4, 826
1, 628
4, 784
4, 890
0, 193
4, 784
4, 1159
0, 78
4, 784
1, 489
0, 195
4, 784
4, 890
0, 193
4, 872
4, 823
4, 886
0, 193
4, 784
4, 890
0, 193
4, 784
4, 886
0, 193
4, 784
4, 799
0, 193
4, 784
4, 886
0, 193
0, 232
4, 785
4, 890
0, 193
4, 784
4, 1323
0, 198
1, 451
4, 881
4, 885
0, 193
4, 784
4, 824
4, 822
4, 822
4, 898
0, 193
4, 784
4, 890
0, 193
4, 784
4, 886
0, 193
4, 784
4, 890
0, 193
4, 784
4, 886
0, 193
4, 827
4, 883
0, 193
4, 784
1, 489
0, 195
4, 784
4, 886
0, 193
4, 785
4, 891
0, 193
4, 784
4, 886
0, 193
4, 784
4, 890
0, 193
4, 784
4, 886
0, 193
4, 784
4, 889
0, 193
4, 784
4, 890
0, 193
0, 195
4, 784
4, 823
4, 823
4, 823
4, 889
0, 193
4, 784
4, 823
4, 823
4, 886
0, 196
4, 784
4, 823
4, 823
4, 823
4, 823
1, 733
0, 308
4, 785
4, 961
0, 64
0, 195
4, 784
4, 823
4, 823
4, 825
4, 823
1, 453
4, 826
4, 876
4, 824
4, 891
0, 193
4, 784
0, 272
4, 784
4, 823
4, 822
4, 841
0, 195
4, 784
4, 877
1, 426
0, 228
4, 784
4, 824
4, 824
4, 879
4, 879
4, 822
4, 823
4, 823
1, 798
0, 195
4, 784
4, 823
4, 823
0, 195
4, 784
4, 883
4, 822
4, 823
4, 888
0, 193
4, 784
4, 823
4, 823
4, 823
4, 826
4, 823
4, 823
1, 708
1, 492
0, 195
4, 817
4, 823
4, 823
4, 823
4, 823
0, 195
0, 64
1, 490
0, 195
4, 784
4, 887
0, 193
4, 784
4, 824
1, 893
0, 80
4, 823
4, 890
0, 193
4, 784
4, 823
4, 823
4, 888
0, 193
4, 784
4, 823
4, 890
0, 193
4, 785
1, 489
0, 195
4, 784
4, 823
1, 489
0, 195
4, 784
4, 823
4, 888
0, 193
4, 785
4, 823
4, 882
4, 822
4, 823
4, 888
0, 193
4, 784
4, 823
4, 890
0, 193
4, 784
1, 451
4, 822
4, 823
0, 343
4, 785
4, 888
0, 196
4, 787
4, 874
4, 822
0, 263
4, 784
4, 890
0, 193
4, 784
4, 823
4, 828
4, 880
0, 265
4, 784
1, 776
0, 236
4, 785
4, 888
0, 193
4, 784
4, 823
4, 890
0, 193
4, 784
4, 823
4, 823
4, 826
1, 781
0, 293
0, 35
4, 784
4, 890
0, 193
4, 879
4, 887
0, 193
4, 784
1, 474
1, 489
0, 195
4, 784
4, 828
0, 196
4, 784
4, 824
4, 890
0, 196
4, 784
4, 890
0, 193
4, 787
4, 823
4, 823
4, 823
0, 196
4, 883
4, 887
0, 193
0, 228
4, 784
4, 825
4, 824
4, 890
0, 193
4, 784
4, 890
0, 193
4, 784
4, 888
0, 193
0, 195
4, 784
4, 889
0, 193
1, 490
0, 195
4, 879
0, 193
4, 784
4, 887
0, 193
4, 784
4, 890
0, 193
1, 686
0, 35
4, 784
4, 888
4, 889
0, 193
4, 784
4, 888
0, 193
4, 784
4, 890
0, 193
4, 784
4, 881
4, 888
0, 193
1, 717
4, 873
4, 887
0, 193
4, 784
4, 890
0, 193
4, 784
4, 888
0, 193
4, 787
4, 823
4, 823
4, 823
4, 823
4, 823
4, 823
4, 1297
1, 1012
4, 823
4, 823
4, 823
4, 823
4, 823
4, 891
0, 193
4, 784
4, 823
4, 823
4, 823
4, 823
4, 887
0, 193
4, 784
4, 823
4, 824
4, 824
0, 229
4, 788
4, 891
0, 193
4, 882
0, 193
1, 643
0, 64
1, 490
0, 195
4, 784
4, 823
4, 823
4, 823
4, 823
4, 887
0, 193
4, 784
4, 823
4, 823
4, 891
0, 193
1, 628
0, 64
1, 490
0, 195
0, 269
4, 784
4, 889
4, 886
0, 193
4, 784
4, 891
0, 193
4, 784
4, 887
0, 193
4, 784
4, 891
0, 193
4, 784
4, 824
4, 828
4, 887
0, 220
0, 64
1, 490
0, 195
4, 784
4, 891
0, 193
4, 784
1, 729
0, 64
1, 491
0, 195
4, 784
0, 282
4, 785
4, 828
4, 880
4, 822
4, 827
4, 888
0, 193
4, 784
4, 890
0, 195
4, 784
1, 388
0, 80
4, 823
4, 874
4, 897
0, 193
4, 784
4, 823
4, 823
4, 823
4, 823
4, 823
4, 823
0, 272
4, 784
4, 823
4, 823
4, 823
4, 888
0, 193
1, 642
0, 64
1, 478
4, 873
4, 822
1, 812
0, 125
0, 274
4, 784
4, 890
0, 193
4, 784
4, 888
0, 193
4, 786
4, 890
0, 193
4, 784
4, 888
0, 193
4, 784
4, 828
4, 825
4, 883
0, 193
4, 784
1, 524
1, 452
4, 887
1, 487
0, 195
4, 784
4, 890
4, 876
4, 824
4, 888
0, 193
4, 784
4, 890
0, 193
4, 784
4, 828
1, 725
4, 873
4, 825
0, 195
4, 784
4, 888
0, 193
1, 546
0, 236
4, 784
4, 890
0, 193
0, 220
1, 490
0, 195
4, 784
4, 823
4, 823
4, 823
4, 823
4, 823
4, 823
4, 881
4, 822
4, 823
4, 823
4, 823
4, 823
1, 764
1, 490
0, 195
4, 784
4, 823
4, 823
4, 876
0, 196
4, 784
4, 879
4, 823
4, 824
4, 824
4, 828
4, 828
4, 828
4, 890
0, 193
4, 784
4, 888
0, 193
4, 784
1, 774
0, 81
4, 823
4, 823
4, 823
4, 823
4, 823
4, 823
4, 823
4, 823
4, 823
4, 822
4, 823
0, 197
4, 784
4, 823
4, 823
4, 824
4, 823
4, 823
4, 823
1, 868
0, 193
4, 784
4, 823
4, 823
0, 272
4, 784
0, 229
4, 785
4, 823
4, 823
4, 823
4, 823
4, 823
4, 891
0, 193
4, 784
4, 823
4, 823
1, 699
4, 790
4, 891
0, 193
1, 511
0, 193
4, 784
4, 888
0, 193
1, 671
4, 784
4, 891
0, 279
4, 785
4, 888
0, 193
4, 873
4, 891
0, 193
4, 784
4, 888
0, 193
4, 784
4, 891
0, 193
4, 1013
0, 195
4, 784
4, 887
0, 193
4, 784
4, 891
0, 193
4, 784
4, 888
4, 890
0, 193
4, 784
4, 887
0, 193
4, 788
4, 844
1, 613
0, 35
4, 784
0, 197
4, 784
4, 887
0, 193
4, 784
4, 891
0, 193
4, 784
4, 885
4, 886
0, 193
4, 784
4, 891
0, 193
4, 784
4, 887
0, 193
4, 784
4, 823
4, 823
4, 823
4, 891
0, 193
4, 784
4, 826
4, 828
4, 890
0, 193
4, 784
4, 823
4, 823
4, 823
4, 823
4, 823
4, 823
4, 823
4, 823
4, 823
4, 824
1, 490
0, 195
4, 784
4, 827
4, 823
4, 823
4, 823
4, 823
4, 823
4, 1061
0, 193
0, 64
1, 491
0, 193
4, 784
4, 828
4, 823
4, 823
1, 691
4, 785
4, 828
4, 838
4, 875
4, 886
0, 193
4, 784
4, 822
4, 886
0, 193
4, 787
4, 823
4, 823
4, 823
4, 823
4, 823
4, 823
4, 823
4, 827
4, 823
4, 823
4, 823
4, 884
0, 193
4, 784
4, 823
4, 823
4, 823
4, 823
4, 823
4, 823
4, 823
4, 823
4, 875
4, 822
4, 823
4, 823
4, 1021
4, 784
4, 823
4, 823
4, 823
4, 823
4, 823
4, 823
4, 823
4, 887
0, 193
4, 784
4, 823
4, 823
4, 823
4, 1052
0, 195
1, 664
1, 490
0, 195
0, 140
1, 491
0, 193
4, 784
1, 644
1, 491
0, 195
4, 784
4, 823
4, 823
0, 193
4, 784
4, 825
4, 823
4, 823
4, 823
1, 795
0, 38
4, 889
0, 193
4, 784
4, 823
4, 825
4, 887
0, 193
4, 784
4, 823
1, 813
4, 823
4, 828
4, 828
4, 823
0, 101
0, 195
4, 784
4, 823
4, 823
4, 823
4, 823
4, 823
4, 823
4, 823
1, 489
0, 195
4, 784
4, 823
4, 823
4, 823
4, 824
4, 823
4, 823
4, 823
4, 823
4, 826
4, 823
4, 823
4, 823
4, 823
4, 823
4, 823
4, 876
0, 193
4, 784
4, 823
4, 819
4, 823
1, 614
0, 35
4, 784
4, 874
4, 822
4, 823
4, 823
4, 823
4, 823
4, 823
4, 874
1, 454
4, 822
4, 825
4, 823
4, 823
4, 823
4, 823
4, 823
4, 823
4, 823
1, 490
0, 195
4, 784
4, 823
4, 823
4, 2491
4, 784
1, 709
0, 35
4, 784
4, 828
4, 827
4, 828
4, 890
0, 193
4, 784
4, 1075
4, 784
4, 890
0, 193
4, 784
1, 779
0, 228
4, 784
4, 823
0, 228
4, 784
4, 888
0, 193
4, 784
4, 823
4, 826
4, 823
4, 823
4, 824
4, 819
4, 823
4, 823
4, 823
4, 823
4, 827
4, 828
4, 882
4, 822
4, 823
4, 823
4, 823
4, 823
4, 823
4, 823
4, 823
4, 823
4, 823
4, 823
4, 823
4, 823
4, 823
4, 823
4, 823
4, 823
4, 823
4, 879
4, 897
0, 193
4, 784
4, 823
4, 823
4, 828
4, 875
4, 822
4, 823
4, 823
4, 823
4, 823
4, 823
4, 823
4, 823
1, 703
4, 785
4, 884
0, 193
4, 784
4, 823
4, 823
4, 823
4, 833
1, 490
0, 195
1, 491
0, 195
4, 784
4, 823
4, 823
4, 823
4, 823
4, 890
0, 193
4, 784
1, 703
4, 785
4, 823
4, 823
4, 823
4, 823
0, 196
4, 784
4, 823
4, 823
4, 823
4, 823
4, 823
4, 823
4, 823
4, 823
4, 823
4, 828
4, 874
4, 822
4, 823
4, 823
4, 887
4, 822
4, 823
4, 823
1, 627
4, 835
4, 823
4, 823
1, 485
0, 195
0, 220
0, 64
1, 490
0, 195
1, 492
0, 85
4, 823
4, 823
4, 823
4, 823
4, 823
4, 829
4, 823
4, 823
4, 823
4, 825
4, 823
4, 824
4, 823
4, 823
4, 823
4, 823
4, 823
4, 823
4, 823
4, 823
4, 828
4, 825
1, 452
4, 827
4, 828
4, 825
1, 644
1, 490
0, 195
4, 784
4, 823
4, 823
4, 823
4, 823
4, 823
4, 823
4, 888
4, 822
4, 823
4, 823
4, 824
4, 823
4, 823
0, 231
4, 785
0, 196
4, 784
4, 823
4, 823
4, 825
4, 823
4, 823
4, 823
4, 823
4, 823
4, 875
1, 709
0, 35
4, 784
0, 195
0, 64
1, 490
0, 195
4, 784
4, 823
0, 197
4, 784
4, 823
4, 823
4, 823
4, 823
4, 823
4, 823
4, 823
1, 758
1, 490
0, 195
4, 784
4, 823
4, 823
4, 823
4, 823
4, 823
4, 823
4, 823
4, 824
1, 489
1, 522
4, 823
4, 823
4, 876
0, 193
4, 784
4, 823
4, 823
4, 823
4, 823
4, 823
4, 823
4, 823
4, 823
4, 823
4, 823
4, 823
4, 823
4, 954
0, 195
4, 784
4, 823
1, 514
0, 196
4, 784
1, 776
0, 236
4, 784
4, 828
4, 825
1, 695
0, 90
1, 490
0, 195
4, 784
4, 823
0, 227
4, 784
4, 825
4, 823
4, 823
4, 823
4, 823
4, 823
4, 823
4, 823
4, 823
1, 650
0, 35
4, 784
4, 823
4, 884
4, 822
4, 823
4, 823
4, 823
4, 828
4, 874
4, 822
4, 823
4, 827
1, 485
0, 195
4, 784
4, 823
4, 823
4, 823
4, 823
4, 823
4, 823
4, 823
4, 823
4, 823
4, 823
4, 823
4, 828
4, 823
4, 823
4, 823
4, 823
4, 823
4, 823
4, 823
4, 823
4, 823
1, 578
4, 784
0, 115
0, 81
4, 823
4, 823
4, 823
4, 824
4, 823
4, 823
4, 823
4, 823
4, 822
4, 823
4, 823
4, 823
4, 883
4, 822
4, 823
4, 823
4, 823
4, 823
4, 823
0, 209
4, 873
4, 822
4, 823
4, 823
4, 823
4, 823
4, 824
4, 823
1, 489
0, 195
4, 784
4, 824
4, 824
4, 824
4, 823
4, 828
4, 823
4, 823
1, 473
4, 822
1, 487
0, 195
1, 623
0, 35
4, 784
4, 882
4, 827
4, 832
4, 825
4, 823
4, 823
4, 823
4, 823
4, 823
4, 826
4, 823
4, 825
4, 823
4, 823
4, 832
4, 823
0, 80
4, 823
4, 823
4, 823
4, 823
4, 823
0, 227
4, 784
4, 823
4, 823
4, 823
4, 823
4, 823
4, 823
4, 823
4, 823
4, 823
4, 823
4, 823
4, 823
4, 823
4, 827
4, 823
4, 823
4, 823
4, 823
4, 823
4, 823
4, 823
4, 823
4, 898
0, 193
4, 915
0, 195
4, 784
4, 898
4, 824
4, 886
4, 827
4, 823
4, 823
4, 823
4, 823
4, 823
4, 823
4, 1204
4, 823
4, 823
4, 875
4, 826
4, 828
4, 823
4, 823
4, 823
4, 827
1, 661
0, 35
4, 784
4, 823
4, 823
4, 823
4, 823
4, 823
4, 823
4, 823
4, 823
4, 823
4, 823
4, 823
4, 827
4, 823
4, 876
4, 826
1, 953
0, 187
4, 785
4, 828
4, 827
4, 883
4, 897
0, 193
4, 784
4, 1741
4, 886
0, 193
4, 821
4, 823
4, 823
4, 823
1, 790
4, 786
4, 823
4, 823
4, 823
4, 823
4, 823
4, 829
4, 823
4, 823
1, 451
4, 822
4, 823
4, 823
4, 875
4, 822
4, 827
4, 823
4, 823
4, 823
4, 823
4, 823
4, 824
4, 823
4, 874
4, 882
4, 822
1, 484
0, 64
0, 195
4, 784
4, 823
4, 823
4, 823
4, 823
4, 823
4, 823
4, 877
4, 822
4, 823
4, 823
4, 828
4, 828
4, 823
4, 823
4, 823
4, 823
4, 827
4, 829
4, 823
1, 613
0, 35
1, 684
0, 96
1, 1182
4, 784
4, 828
4, 828
4, 828
4, 823
0, 573
4, 785
4, 823
4, 823
4, 823
4, 823
4, 823
4, 823
4, 823
4, 823
4, 829
4, 823
4, 823
4, 823
1, 453
4, 827
4, 828
4, 833
4, 828
4, 828
4, 823
4, 823
4, 823
4, 823
4, 823
4, 823
4, 823
4, 822
4, 823
4, 823
4, 823
4, 825
4, 823
4, 823
4, 823
4, 827
4, 823
1, 490
0, 195
4, 784
4, 834
4, 881
4, 822
4, 823
4, 823
4, 823
4, 823
4, 823
4, 823
4, 823
4, 823
4, 823
4, 823
4, 823
4, 823
4, 823
4, 823
4, 823
4, 823
4, 823
4, 823
4, 823
4, 823
4, 823
4, 823
4, 823
0, 197
4, 784
1, 489
0, 195
4, 784
0, 343
4, 785
4, 827
4, 836
4, 823
4, 823
0, 271
4, 784
4, 898
0, 193
4, 921
0, 193
4, 784
1, 882
4, 822
4, 823
4, 823
4, 823
4, 823
4, 841
1, 475
4, 822
4, 827
4, 823
4, 823
4, 823
1, 474
4, 833
1, 489
0, 195
4, 784
4, 823
4, 823
4, 823
4, 823
1, 527
4, 822
4, 823
4, 823
4, 823
4, 1508
4, 785
4, 825
4, 823
4, 825
0, 195
4, 784
4, 823
4, 823
4, 823
4, 823
4, 823
4, 823
4, 824
4, 823
4, 823
4, 823
1, 484
0, 64
0, 195
4, 784
0, 197
4, 784
4, 827
4, 828
4, 823
4, 823
4, 823
4, 823
4, 823
4, 823
4, 823
1, 453
4, 827
4, 828
4, 823
4, 826
0, 195
4, 784
4, 823
4, 823
4, 823
0, 193
4, 784
4, 1052
0, 195
4, 784
4, 823
4, 826
4, 823
4, 823
4, 829
4, 823
4, 823
1, 453
4, 827
4, 823
4, 823
0, 197
4, 784
4, 838
4, 823
4, 823
4, 823
4, 823
4, 823
4, 823
4, 889
4, 822
4, 823
4, 827
4, 823
4, 823
4, 823
1, 681
0, 64
1, 490
0, 195
4, 784
4, 823
4, 823
4, 823
0, 197
4, 784
4, 823
4, 823
4, 823
4, 823
4, 823
4, 823
4, 834
1, 489
0, 195
0, 35
4, 784
4, 827
4, 823
4, 827
4, 828
4, 823
4, 823
1, 501
0, 64
0, 195
4, 784
4, 834
4, 823
4, 823
4, 823
4, 823
4, 823
4, 823
0, 197
4, 784
4, 890
0, 193
4, 784
4, 823
4, 823
4, 888
4, 822
4, 823
4, 823
4, 823
4, 823
4, 823
4, 823
4, 823
4, 823
4, 823
4, 823
4, 823
4, 823
4, 823
4, 823
4, 823
4, 823
4, 823
4, 823
4, 823
4, 823
1, 766
4, 784
4, 823
0, 197
4, 784
4, 823
0, 228
4, 784
4, 830
4, 823
1, 750
0, 35
4, 784
4, 823
4, 823
4, 823
4, 823
1, 474
4, 822
4, 823
4, 823
4, 885
4, 822
4, 823
4, 823
4, 823
4, 823
0, 197
4, 784
4, 823
4, 823
4, 823
4, 823
4, 823
4, 823
4, 823
4, 823
4, 823
4, 841
4, 823
0, 195
0, 64
1, 490
0, 195
4, 784
0, 197
4, 784
0, 197
4, 784
4, 823
4, 823
4, 823
4, 823
4, 823
4, 823
4, 823
4, 823
4, 823
1, 514
0, 193
4, 784
4, 823
4, 823
4, 823
4, 823
4, 823
4, 823
4, 827
4, 823
4, 827
1, 713
0, 213
0, 35
4, 980
0, 64
0, 195
4, 787
4, 823
4, 823
4, 882
0, 193
4, 784
4, 822
4, 823
4, 1052
0, 195
4, 784
4, 823
4, 823
4, 837
0, 197
4, 784
4, 823
4, 823
4, 826
4, 835
4, 823
4, 823
4, 823
4, 823
4, 823
4, 823
4, 823
1, 453
4, 822
4, 823
0, 216
4, 833
4, 834
4, 823
4, 825
1, 709
4, 833
4, 879
0, 228
4, 785
0, 197
0, 228
4, 785
0, 197
4, 784
4, 823
4, 823
1, 485
0, 195
4, 784
4, 823
4, 827
4, 823
4, 823
4, 823
4, 823
4, 823
4, 823
4, 823
4, 823
4, 823
4, 823
4, 823
4, 823
4, 823
4, 823
4, 823
4, 883
4, 822
4, 823
4, 823
4, 898
0, 193
4, 784
4, 823
4, 835
4, 823
4, 823
4, 823
4, 823
4, 840
4, 823
4, 823
4, 823
4, 823
4, 826
4, 823
4, 823
4, 823
4, 823
1, 732
0, 35
4, 785
4, 823
4, 823
4, 823
4, 823
4, 823
4, 823
4, 823
4, 823
4, 823
4, 823
4, 823
4, 819
4, 823
4, 823
4, 823
4, 838
4, 823
1, 436
0, 193
1, 671
4, 784
4, 829
4, 823
4, 823
4, 823
4, 823
4, 898
0, 193
4, 784
4, 827
4, 838
4, 823
4, 823
4, 823
4, 823
4, 823
4, 823
4, 823
4, 823
1, 436
0, 193
1, 755
4, 784
0, 215
0, 35
4, 784
4, 828
4, 828
4, 823
4, 823
4, 823
4, 823
4, 823
4, 823
4, 823
4, 823
4, 823
1, 491
0, 193
4, 829
4, 823
4, 823
4, 823
4, 823
4, 885
0, 193
4, 784
4, 823
4, 823
4, 823
0, 75
0, 193
4, 784
4, 823
4, 823
4, 823
4, 829
4, 823
0, 193
4, 784
4, 823
1, 453
1, 447
4, 822
4, 823
0, 231
4, 824
4, 823
4, 823
4, 823
1, 683
1, 491
0, 195
4, 784
4, 823
4, 823
4, 823
4, 823
1, 489
0, 195
4, 784
4, 826
4, 827
4, 827
4, 828
4, 823
4, 823
4, 823
4, 823
0, 197
4, 784
4, 827
4, 827
4, 828
4, 827
4, 835
4, 828
4, 827
4, 828
4, 827
4, 884
0, 193
4, 784
4, 827
4, 828
4, 827
4, 844
4, 843
4, 827
4, 886
4, 826
4, 828
0, 195
1, 490
0, 195
1, 914
0, 195
4, 784
4, 827
4, 835
0, 195
4, 784
4, 828
4, 823
4, 826
4, 823
4, 823
4, 823
4, 826
4, 830
4, 844
4, 823
1, 488
0, 195
4, 784
4, 823
4, 824
4, 823
4, 823
4, 823
4, 823
4, 823
4, 823
4, 823
4, 823
4, 878
4, 840
1, 515
0, 38
4, 822
0, 197
4, 784
4, 823
1, 489
0, 195
1, 831
0, 64
0, 195
4, 784
4, 835
4, 837
4, 823
1, 473
4, 822
1, 782
0, 235
4, 784
4, 823
1, 870
0, 193
4, 784
4, 825
1, 804
4, 823
4, 834
4, 823
4, 823
1, 490
0, 195
4, 784
0, 197
0, 212
0, 237
1, 490
0, 195
4, 784
4, 823
4, 823
4, 823
4, 823
4, 823
4, 823
4, 823
4, 823
4, 823
4, 823
4, 823
4, 823
4, 823
4, 881
4, 822
4, 823
4, 823
4, 823
4, 823
4, 884
0, 193
4, 784
4, 823
4, 823
4, 826
0, 195
4, 784
4, 827
4, 823
4, 823
4, 823
4, 825
4, 823
4, 823
1, 644
1, 490
0, 195
4, 784
0, 197
4, 784
1, 488
0, 195
1, 776
0, 235
4, 784
4, 823
4, 823
4, 882
4, 822
4, 838
4, 823
4, 1051
0, 195
4, 784
4, 823
4, 823
4, 823
4, 823
4, 835
4, 823
4, 823
4, 823
1, 532
4, 834
4, 881
4, 822
4, 823
4, 823
4, 823
4, 823
4, 823
4, 823
4, 823
0, 235
4, 784
4, 823
4, 841
4, 823
4, 879
0, 193
4, 784
1, 467
0, 235
4, 790
4, 835
4, 823
4, 823
4, 842
4, 827
4, 835
4, 823
4, 823
4, 823
1, 755
4, 784
4, 823
4, 823
4, 880
0, 193
1, 665
1, 490
0, 195
4, 784
0, 197
4, 836
4, 823
1, 894
4, 822
4, 823
4, 823
0, 281
4, 784
0, 197
4, 785
0, 197
4, 784
4, 823
4, 823
4, 823
4, 825
4, 823
4, 823
4, 823
4, 823
4, 823
4, 823
4, 823
4, 823
4, 823
4, 823
4, 823
4, 823
4, 823
4, 822
4, 823
1, 605
4, 784
4, 823
4, 823
4, 823
4, 823
4, 823
4, 823
4, 823
4, 827
4, 823
4, 823
4, 823
0, 343
4, 785
4, 827
4, 823
4, 824
1, 746
4, 784
4, 823
4, 823
4, 823
4, 826
4, 823
4, 823
1, 487
0, 195
4, 784
4, 834
4, 823
4, 823
4, 828
4, 823
4, 823
1, 613
0, 35
4, 784
4, 823
4, 823
4, 823
4, 823
4, 823
4, 823
4, 823
4, 824
4, 823
4, 827
4, 832
4, 823
4, 823
4, 823
4, 879
0, 193
4, 784
4, 837
4, 823
4, 823
4, 823
4, 823
4, 823
4, 823
4, 823
4, 823
4, 823
4, 823
4, 823
4, 823
4, 823
4, 823
4, 823
4, 823
4, 823
4, 823
4, 841
4, 823
4, 823
4, 823
4, 823
4, 823
4, 823
4, 823
4, 823
4, 823
4, 823
4, 823
4, 823
4, 830
4, 823
4, 823
4, 834
4, 823
4, 823
4, 823
4, 825
0, 195
4, 784
4, 823
4, 823
4, 823
4, 823
4, 823
4, 823
4, 823
4, 823
4, 823
4, 822
4, 823
4, 823
4, 823
4, 823
4, 823
4, 823
4, 823
4, 823
4, 823
4, 823
4, 823
4, 823
4, 823
4, 837
4, 823
1, 484
0, 64
0, 195
0, 390
0, 64
0, 195
4, 825
4, 898
0, 193
4, 784
4, 823
4, 823
4, 823
1, 489
0, 195
0, 64
1, 490
0, 195
4, 784
0, 197
4, 784
4, 823
4, 823
4, 823
4, 823
4, 823
4, 823
4, 827
4, 822
0, 343
4, 786
4, 823
4, 823
1, 707
1, 497
0, 195
4, 784
1, 523
0, 77
4, 826
4, 823
4, 826
0, 272
4, 784
4, 823
4, 837
4, 846
4, 823
1, 681
0, 64
1, 490
0, 195
4, 784
1, 491
0, 195
4, 784
1, 487
0, 195
4, 784
4, 900
4, 822
4, 823
4, 823
4, 823
4, 823
4, 823
4, 823
1, 717
0, 275
4, 784
4, 823
4, 823
4, 823
4, 1832
0, 91
4, 826
4, 823
4, 823
0, 193
4, 784
0, 197
1, 664
1, 490
0, 195
4, 784
4, 823
4, 827
4, 830
4, 823
4, 823
4, 823
4, 823
4, 885
4, 822
4, 823
4, 823
4, 823
4, 823
4, 823
4, 823
1, 984
0, 35
4, 784
4, 823
4, 823
4, 823
4, 823
4, 823
1, 472
4, 823
4, 835
4, 823
4, 837
4, 823
4, 823
4, 823
4, 823
4, 823
4, 823
0, 343
4, 785
4, 823
4, 823
4, 823
4, 823
4, 823
4, 823
4, 823
4, 823
4, 823
4, 823
4, 823
4, 823
4, 823
4, 823
4, 823
4, 824
4, 885
4, 834
1, 726
0, 35
4, 784
0, 196
4, 784
0, 197
4, 784
0, 197
4, 832
0, 197
4, 784
4, 823
4, 876
0, 193
4, 784
4, 823
4, 823
4, 823
4, 823
4, 823
0, 101
0, 195
4, 826
4, 823
4, 823
4, 823
4, 827
1, 825
0, 107
0, 195
4, 784
4, 830
4, 823
4, 824
4, 828
4, 823
4, 838
4, 823
1, 451
4, 822
4, 823
4, 823
4, 823
4, 823
4, 823
4, 823
4, 823
4, 823
4, 823
0, 196
4, 784
4, 827
4, 827
4, 827
4, 827
4, 827
4, 827
4, 828
4, 844
4, 827
4, 828
4, 827
4, 828
4, 827
4, 828
4, 827
4, 828
4, 842
4, 845
4, 842
4, 827
4, 828
4, 827
4, 828
4, 827
4, 828
4, 842
4, 828
4, 827
4, 828
4, 827
4, 844
4, 827
4, 828
4, 842
1, 427
0, 37
1, 488
0, 195
4, 784
4, 823
4, 824
4, 881
4, 836
4, 823
4, 823
1, 489
0, 193
4, 784
4, 823
0, 229
4, 785
0, 197
4, 784
4, 838
4, 822
4, 827
1, 489
0, 195
4, 784
4, 1083
0, 35
4, 784
4, 835
4, 827
4, 827
4, 827
1, 488
0, 195
4, 784
4, 827
4, 827
4, 827
4, 828
1, 508
0, 147
0, 64
0, 195
4, 784
4, 828
4, 884
0, 193
4, 784
4, 828
4, 844
4, 827
4, 836
4, 842
4, 828
4, 827
4, 834
4, 835
4, 827
4, 828
4, 827
4, 827
4, 828
4, 828
1, 455
4, 826
4, 828
4, 844
4, 827
4, 843
4, 827
4, 827
4, 827
4, 828
4, 832
4, 835
4, 827
4, 828
4, 827
4, 828
4, 827
4, 826
4, 828
4, 835
4, 827
4, 828
4, 827
4, 828
4, 884
0, 193
4, 784
4, 844
4, 828
1, 985
1, 512
0, 193
4, 784
4, 883
0, 193
4, 784
1, 680
4, 785
4, 827
4, 827
4, 827
4, 828
4, 827
4, 835
4, 827
4, 843
4, 827
4, 828
4, 827
4, 826
4, 835
4, 845
4, 829
4, 827
0, 197
4, 785
0, 197
4, 784
0, 197
4, 784
0, 197
4, 784
0, 197
4, 784
0, 197
4, 784
4, 828
0, 197
4, 784
1, 455
4, 827
4, 835
4, 828
4, 827
0, 197
4, 784
4, 827
4, 828
4, 827
4, 823
4, 835
1, 489
0, 195
4, 821
4, 827
1, 473
4, 826
4, 827
0, 78
4, 826
1, 737
0, 64
1, 490
0, 195
0, 195
4, 784
4, 835
4, 828
1, 455
4, 826
4, 842
4, 827
4, 825
4, 835
4, 828
4, 827
4, 827
4, 828
4, 827
4, 828
4, 835
4, 827
4, 827
4, 827
4, 828
1, 851
0, 195
4, 785
4, 827
4, 835
4, 828
0, 101
0, 195
1, 491
0, 195
4, 821
4, 827
0, 200
4, 784
4, 827
4, 828
1, 467
0, 193
4, 833
4, 827
4, 835
4, 828
4, 827
4, 829
4, 835
4, 827
1, 489
0, 193
4, 784
4, 827
4, 827
0, 197
4, 784
0, 197
4, 784
4, 827
0, 197
4, 784
4, 835
0, 197
4, 784
4, 1031
0, 193
4, 784
0, 197
4, 784
4, 827
0, 197
4, 784
4, 827
0, 197
4, 784
4, 827
4, 823
4, 827
4, 835
0, 197
4, 784
1, 580
4, 784
4, 823
4, 827
1, 708
0, 35
4, 784
4, 823
0, 196
4, 784
4, 823
4, 823
4, 898
0, 193
4, 784
1, 727
4, 833
4, 823
4, 823
4, 823
4, 828
4, 823
4, 823
4, 823
0, 195
0, 64
1, 490
0, 195
0, 141
1, 490
0, 195
4, 784
0, 197
4, 784
0, 197
4, 784
4, 823
4, 823
1, 491
0, 195
4, 742
4, 784
4, 823
0, 232
4, 785
4, 824
4, 827
4, 827
4, 827
4, 827
4, 827
4, 827
4, 827
4, 827
4, 824
0, 144
0, 106
1, 490
0, 195
4, 784
4, 827
4, 827
4, 827
4, 827
4, 835
4, 835
4, 827
4, 827
4, 827
4, 827
4, 827
4, 827
4, 1056
0, 195
1, 428
4, 827
4, 842
4, 827
4, 827
4, 827
4, 827
4, 827
4, 827
4, 827
1, 786
0, 35
4, 826
4, 827
4, 886
4, 826
4, 827
4, 827
1, 455
1, 640
4, 784
4, 827
4, 827
4, 835
4, 827
0, 200
4, 784
4, 827
4, 827
1, 769
4, 785
4, 827
4, 827
4, 827
4, 886
4, 826
4, 827
4, 827
4, 827
4, 827
4, 827
4, 827
4, 827
4, 827
1, 524
0, 37
4, 834
1, 454
4, 840
4, 827
4, 827
4, 827
4, 827
4, 827
4, 827
1, 489
0, 193
4, 784
4, 827
4, 835
4, 827
4, 827
0, 35
4, 826
4, 824
4, 827
4, 827
1, 857
0, 35
4, 826
4, 827
1, 775
0, 35
4, 826
4, 827
4, 826
4, 827
4, 827
4, 826
4, 827
4, 827
0, 197
4, 784
4, 823
4, 823
4, 828
4, 884
0, 193
4, 784
4, 823
4, 823
4, 823
4, 823
4, 823
4, 823
4, 879
0, 193
4, 784
4, 823
0, 195
0, 195
4, 784
4, 830
4, 830
4, 823
4, 823
4, 823
4, 823
4, 823
4, 834
4, 823
1, 388
0, 35
4, 884
4, 822
4, 823
4, 823
1, 933
0, 35
4, 822
4, 823
4, 898
0, 193
4, 785
4, 823
4, 823
4, 823
4, 823
4, 879
0, 193
4, 784
4, 824
4, 823
1, 488
0, 195
4, 784
4, 823
1, 488
0, 193
4, 822
1, 1426
0, 35
4, 784
4, 823
4, 823
0, 197
4, 784
4, 823
4, 837
4, 823
4, 823
4, 880
0, 193
4, 784
4, 823
4, 823
4, 823
4, 823
4, 823
4, 823
4, 823
4, 823
4, 827
4, 823
0, 197
4, 784
4, 827
4, 827
4, 827
1, 427
0, 35
4, 826
4, 827
1, 473
4, 826
4, 827
1, 427
0, 35
4, 826
4, 827
4, 827
4, 827
4, 827
4, 827
1, 454
4, 826
4, 826
4, 829
4, 829
4, 827
1, 426
0, 35
4, 826
4, 827
4, 827
4, 827
4, 827
4, 827
4, 827
1, 474
4, 826
4, 827
4, 827
4, 827
1, 489
0, 195
4, 784
4, 827
4, 827
4, 827
0, 196
4, 784
4, 826
4, 827
4, 827
4, 827
4, 827
4, 827
4, 826
4, 827
4, 827
4, 827
4, 827
4, 827
4, 827
4, 827
4, 827
1, 614
0, 35
4, 789
4, 827
4, 827
0, 266
0, 139
1, 490
0, 195
4, 784
4, 827
4, 827
1, 777
4, 826
4, 827
4, 827
4, 827
4, 827
1, 658
4, 834
4, 827
4, 826
4, 827
4, 827
4, 827
4, 827
4, 826
4, 827
0, 272
4, 785
4, 827
4, 827
4, 827
4, 884
0, 195
4, 784
4, 827
4, 827
4, 827
1, 453
0, 193
4, 784
4, 827
4, 827
4, 826
4, 827
4, 827
4, 827
4, 827
4, 827
4, 826
1, 758
0, 64
1, 490
0, 195
4, 784
4, 827
4, 827
4, 827
4, 827
4, 827
4, 827
4, 827
4, 827
4, 827
4, 827
1, 832
0, 35
4, 910
0, 193
0, 220
0, 64
1, 490
0, 195
4, 784
4, 830
4, 839
4, 827
4, 827
4, 827
4, 826
4, 827
4, 827
4, 827
4, 831
4, 886
4, 826
4, 827
0, 35
4, 826
4, 827
4, 827
4, 885
4, 826
4, 881
4, 827
4, 827
1, 1029
0, 35
4, 784
4, 827
4, 827
4, 827
4, 827
4, 841
4, 828
4, 827
4, 827
4, 886
4, 826
4, 827
4, 826
4, 827
4, 827
1, 746
0, 64
1, 490
0, 195
4, 784
4, 827
0, 197
4, 784
4, 827
4, 826
4, 827
4, 827
4, 827
1, 1137
0, 99
4, 784
4, 827
4, 827
4, 827
4, 827
1, 686
0, 35
1, 664
1, 490
0, 195
4, 785
4, 827
4, 827
4, 827
4, 827
4, 827
4, 827
4, 827
4, 827
4, 827
4, 831
4, 835
4, 827
1, 455
4, 826
4, 827
1, 783
0, 35
4, 826
4, 827
4, 827
4, 827
4, 828
4, 827
4, 827
4, 827
4, 827
4, 827
1, 455
4, 825
0, 272
4, 784
1, 494
0, 193
0, 230
4, 785
4, 827
4, 827
4, 876
1, 522
4, 826
4, 827
4, 827
4, 827
4, 827
4, 827
4, 827
4, 827
1, 491
0, 193
4, 784
1, 476
4, 826
4, 831
4, 827
4, 827
4, 827
4, 827
4, 827
4, 827
4, 827
1, 455
1, 492
0, 195
0, 195
4, 784
4, 824
4, 827
4, 827
4, 827
4, 827
4, 835
4, 827
4, 827
1, 828
0, 35
0, 100
0, 195
4, 784
4, 827
1, 455
4, 826
4, 827
4, 827
4, 827
4, 827
4, 827
4, 827
4, 827
4, 827
4, 827
4, 827
4, 827
4, 827
4, 827
4, 827
4, 827
4, 827
4, 827
4, 827
1, 467
0, 35
1, 475
4, 826
4, 827
4, 834
4, 827
4, 832
0, 35
4, 826
0, 197
4, 784
4, 827
4, 827
4, 831
4, 827
4, 827
4, 827
4, 827
4, 827
4, 826
4, 827
4, 827
1, 490
0, 195
4, 784
4, 827
4, 827
4, 826
4, 832
4, 832
4, 832
4, 832
4, 832
4, 832
4, 832
4, 832
4, 835
4, 827
4, 885
0, 277
1, 490
1, 520
4, 826
4, 827
4, 827
4, 827
1, 427
0, 35
4, 826
4, 827
4, 827
1, 473
4, 883
0, 193
4, 823
4, 827
4, 827
4, 826
4, 827
4, 827
4, 827
4, 881
0, 193
4, 784
4, 827
1, 682
0, 64
1, 490
0, 195
4, 784
0, 197
4, 784
4, 824
4, 888
4, 824
4, 825
4, 825
4, 825
1, 838
4, 826
4, 825
4, 825
4, 827
4, 883
1, 770
1, 773
0, 35
1, 790
0, 35
4, 826
4, 823
4, 823
4, 876
0, 228
4, 785
4, 823
4, 823
4, 823
4, 823
4, 823
0, 227
4, 784
4, 823
4, 837
1, 714
0, 35
4, 784
4, 827
4, 830
4, 830
1, 391
0, 35
4, 822
4, 823
4, 823
4, 823
4, 823
4, 823
4, 823
4, 823
4, 823
4, 823
4, 827
4, 823
4, 823
4, 823
4, 823
4, 823
4, 823
1, 770
4, 833
4, 823
4, 823
1, 497
4, 822
4, 823
4, 823
4, 823
4, 823
4, 823
4, 823
4, 823
4, 823
4, 823
4, 823
1, 671
1, 490
0, 195
4, 784
4, 823
4, 823
4, 886
0, 193
4, 787
4, 823
4, 823
4, 823
4, 823
4, 823
4, 823
4, 823
4, 823
4, 823
4, 827
4, 823
4, 823
4, 823
4, 823
4, 823
4, 823
4, 823
4, 823
4, 823
4, 823
4, 824
4, 823
4, 823
4, 827
4, 830
4, 830
4, 823
4, 823
4, 823
4, 823
4, 823
1, 428
0, 35
4, 825
4, 823
4, 823
4, 823
4, 886
0, 193
4, 784
1, 788
0, 35
4, 822
4, 828
4, 823
4, 823
4, 823
4, 823
4, 823
4, 823
4, 823
4, 823
4, 823
4, 835
4, 826
1, 489
0, 195
4, 784
4, 827
4, 827
4, 827
4, 827
4, 827
4, 827
4, 827
4, 827
4, 827
4, 828
0, 228
4, 784
4, 829
4, 829
4, 827
4, 827
4, 827
4, 827
4, 827
4, 827
4, 827
4, 827
4, 825
4, 827
4, 827
4, 827
4, 827
4, 834
0, 194
4, 784
4, 827
4, 827
0, 231
4, 785
4, 827
4, 827
4, 827
0, 222
0, 64
1, 490
0, 195
4, 785
4, 827
4, 827
4, 884
0, 193
4, 784
4, 827
4, 827
4, 827
4, 827
4, 827
4, 827
1, 916
0, 195
4, 784
1, 487
0, 195
4, 784
4, 1016
4, 839
4, 826
4, 827
4, 827
4, 827
4, 827
4, 827
1, 783
0, 194
4, 833
4, 844
4, 827
4, 824
4, 827
4, 827
1, 454
4, 826
4, 827
4, 827
4, 827
4, 1054
4, 833
4, 827
0, 83
4, 841
4, 827
4, 827
1, 455
4, 826
4, 827
4, 827
4, 827
4, 827
4, 827
4, 827
4, 827
4, 827
4, 827
0, 209
4, 833
1, 455
4, 826
4, 827
4, 827
4, 827
4, 827
4, 827
4, 827
4, 827
4, 827
4, 827
1, 474
4, 826
4, 827
4, 827
4, 827
1, 1133
4, 784
4, 827
4, 827
1, 737
4, 784
1, 843
0, 90
4, 826
4, 827
4, 827
4, 827
4, 827
4, 827
4, 827
4, 827
4, 827
4, 827
4, 884
0, 193
4, 789
4, 827
4, 827
4, 827
4, 827
4, 827
4, 827
4, 827
1, 575
0, 35
4, 784
4, 835
4, 827
4, 827
0, 209
1, 488
0, 35
4, 826
4, 827
4, 827
1, 454
4, 834
4, 827
1, 682
0, 64
1, 490
1, 488
0, 195
1, 487
0, 195
1, 748
4, 785
4, 827
4, 827
4, 827
4, 827
4, 827
1, 669
4, 790
4, 827
4, 827
4, 827
4, 827
4, 827
4, 827
4, 827
4, 827
4, 827
4, 827
4, 827
4, 827
4, 827
4, 827
4, 827
1, 393
4, 827
4, 827
4, 827
4, 827
4, 827
4, 827
4, 827
4, 826
4, 835
1, 473
1, 488
0, 195
4, 784
4, 827
4, 827
4, 827
4, 827
4, 827
4, 827
4, 827
1, 475
4, 883
0, 193
4, 784
0, 333
4, 833
4, 827
4, 827
4, 827
4, 827
4, 826
1, 480
4, 825
4, 827
4, 827
1, 574
1, 742
0, 35
4, 784
4, 827
4, 827
4, 827
1, 473
4, 826
4, 827
4, 827
4, 886
0, 193
4, 784
4, 827
4, 827
4, 827
4, 827
4, 827
4, 827
4, 827
4, 1056
0, 195
4, 784
4, 827
4, 827
4, 827
4, 827
4, 827
4, 827
4, 827
4, 827
4, 827
4, 827
4, 827
4, 827
4, 827
4, 827
4, 827
4, 827
1, 475
4, 826
4, 827
4, 827
4, 827
4, 827
4, 921
0, 193
4, 833
1, 455
4, 826
4, 827
4, 827
4, 827
1, 476
0, 35
4, 826
1, 614
0, 35
4, 784
4, 827
4, 826
4, 827
4, 827
4, 827
4, 827
4, 827
4, 825
4, 827
4, 827
4, 827
4, 827
4, 835
1, 454
4, 826
4, 827
4, 827
4, 827
4, 827
4, 827
4, 827
4, 827
0, 216
0, 64
1, 490
0, 195
4, 784
4, 827
4, 827
4, 827
4, 827
4, 827
4, 827
4, 827
4, 827
4, 827
4, 827
4, 827
1, 688
4, 785
4, 827
1, 729
0, 64
1, 490
0, 195
4, 784
4, 827
4, 827
4, 827
4, 827
4, 827
4, 886
0, 194
4, 784
4, 827
4, 827
4, 886
4, 826
4, 827
4, 827
4, 828
4, 827
4, 827
4, 826
1, 453
0, 193
4, 784
4, 827
4, 827
4, 827
4, 827
4, 827
4, 827
4, 827
1, 564
4, 826
4, 827
1, 467
4, 836
4, 827
1, 474
0, 193
4, 784
4, 827
4, 827
4, 827
4, 827
4, 827
4, 827
4, 827
4, 827
1, 765
1, 490
0, 195
4, 832
4, 827
4, 828
4, 827
4, 827
4, 827
4, 1056
0, 195
4, 833
4, 827
4, 827
4, 827
4, 827
4, 827
4, 827
4, 827
4, 827
4, 836
1, 480
0, 208
1, 472
4, 826
4, 826
4, 827
4, 829
4, 827
1, 489
0, 195
1, 717
4, 833
4, 826
4, 827
0, 233
4, 833
4, 827
4, 827
4, 827
4, 827
4, 827
4, 827
4, 832
4, 827
4, 832
4, 827
4, 827
4, 831
1, 479
4, 826
4, 827
1, 1116
1, 490
0, 195
4, 784
4, 827
4, 832
4, 827
4, 826
4, 827
4, 827
1, 476
4, 883
0, 193
4, 825
1, 726
4, 833
4, 827
4, 827
4, 834
4, 884
0, 193
4, 784
4, 827
4, 827
4, 827
0, 324
4, 785
4, 827
4, 827
4, 827
4, 825
4, 827
4, 826
4, 827
4, 827
4, 827
4, 827
4, 1300
4, 826
4, 841
1, 687
4, 785
4, 827
1, 489
1, 475
4, 826
4, 827
4, 827
4, 827
4, 827
4, 827
1, 632
1, 490
0, 195
4, 784
4, 827
4, 827
4, 827
4, 827
1, 492
0, 193
4, 784
1, 708
0, 35
0, 195
4, 784
4, 827
4, 827
4, 827
4, 827
4, 832
4, 827
4, 827
4, 827
4, 827
4, 827
4, 827
4, 827
1, 477
4, 826
4, 827
4, 827
4, 832
4, 827
4, 827
4, 827
4, 827
4, 827
4, 827
4, 827
4, 827
4, 829
4, 827
4, 827
4, 832
4, 827
4, 827
4, 827
0, 216
0, 64
1, 490
0, 197
4, 784
4, 827
4, 827
4, 827
1, 920
0, 64
0, 195
4, 787
4, 827
4, 827
1, 530
4, 827
1, 455
1, 863
0, 193
4, 784
4, 884
0, 193
4, 784
4, 827
4, 827
4, 827
4, 827
1, 804
0, 35
4, 826
4, 827
4, 827
4, 827
4, 827
4, 827
4, 827
4, 827
4, 827
4, 827
4, 827
4, 827
4, 827
1, 722
0, 35
4, 820
4, 827
4, 827
4, 827
4, 827
4, 827
4, 827
4, 827
4, 827
4, 827
0, 197
4, 784
1, 644
4, 784
4, 832
4, 832
4, 832
4, 832
4, 832
4, 832
4, 832
1, 688
4, 785
4, 832
4, 842
4, 832
4, 827
4, 827
4, 827
4, 827
4, 827
4, 827
4, 827
4, 827
4, 827
4, 827
0, 197
4, 784
4, 827
0, 337
0, 256
4, 784
4, 827
4, 827
4, 827
4, 830
4, 827
4, 827
4, 827
4, 827
4, 827
4, 827
4, 827
4, 841
4, 827
0, 67
0, 193
4, 784
4, 827
4, 827
4, 827
4, 827
4, 885
4, 826
4, 827
4, 827
1, 455
4, 826
4, 827
0, 193
4, 833
1, 476
4, 826
4, 827
4, 827
4, 827
4, 827
4, 827
4, 827
0, 197
4, 784
4, 827
4, 827
4, 827
4, 827
4, 827
4, 827
4, 827
4, 827
4, 827
4, 827
4, 827
4, 827
4, 827
4, 832
4, 832
4, 831
4, 832
4, 832
1, 455
4, 826
4, 827
4, 827
1, 682
0, 64
0, 250
0, 64
1, 490
0, 195
4, 784
4, 827
4, 827
4, 824
4, 827
4, 827
0, 195
0, 127
4, 784
4, 827
4, 834
4, 827
1, 489
0, 195
4, 784
4, 827
4, 827
4, 827
4, 827
4, 827
4, 827
4, 827
4, 827
4, 826
4, 827
4, 827
4, 827
4, 827
1, 489
0, 255
0, 64
1, 490
0, 195
4, 784
4, 827
4, 827
4, 827
4, 827
4, 827
4, 827
4, 827
4, 832
0, 196
4, 783
4, 827
4, 827
4, 961
0, 195
4, 784
4, 827
4, 835
4, 827
4, 827
4, 876
4, 826
4, 827
4, 827
4, 827
1, 530
4, 827
4, 827
4, 827
4, 827
4, 827
4, 827
4, 884
0, 193
4, 784
4, 827
1, 658
4, 785
4, 827
4, 827
4, 827
4, 827
4, 827
4, 827
4, 827
4, 827
1, 475
4, 826
4, 827
4, 827
4, 883
0, 193
4, 787
1, 711
4, 784
4, 827
4, 827
4, 827
4, 830
0, 195
4, 834
4, 827
4, 827
4, 827
1, 688
1, 680
0, 212
4, 785
4, 827
4, 827
1, 455
4, 826
4, 827
4, 827
4, 827
4, 827
1, 476
4, 1091
4, 827
4, 827
4, 827
1, 756
1, 476
4, 826
4, 827
4, 827
4, 827
4, 827
4, 827
4, 827
4, 827
4, 827
4, 827
4, 827
4, 827
4, 827
4, 827
4, 827
4, 827
4, 827
4, 827
4, 827
4, 827
4, 827
4, 827
4, 827
4, 827
4, 827
4, 827
4, 827
4, 827
4, 827
4, 827
4, 827
4, 827
4, 827
4, 827
4, 827
4, 826
4, 827
0, 197
4, 784
4, 827
4, 827
4, 827
4, 834
4, 827
4, 827
4, 827
4, 827
4, 827
4, 827
4, 827
4, 827
4, 827
1, 715
0, 35
0, 195
4, 784
1, 476
4, 826
4, 835
25, 1882
0, 193
4, 784
4, 827
1, 488
0, 195
4, 784
4, 827
1, 476
4, 826
4, 827
4, 827
1, 476
4, 826
4, 827
4, 827
0, 272
4, 833
4, 827
4, 827
4, 1524
4, 784
4, 827
4, 827
4, 827
4, 827
4, 827
4, 827
4, 827
4, 827
4, 827
4, 827
4, 827
4, 827
4, 827
4, 827
0, 197
4, 784
4, 826
4, 827
4, 827
4, 827
4, 826
4, 832
4, 832
4, 832
4, 832
4, 832
4, 832
4, 832
4, 832
4, 886
4, 826
4, 827
4, 826
4, 831
4, 832
4, 832
4, 832
4, 832
4, 833
4, 832
4, 832
4, 884
0, 193
4, 784
1, 526
0, 35
4, 826
4, 827
4, 827
4, 829
4, 827
4, 853
4, 827
4, 827
4, 827
4, 827
4, 827
4, 827
4, 827
4, 827
4, 827
4, 827
4, 827
4, 827
4, 827
4, 827
4, 985
0, 133
0, 271
4, 784
4, 827
4, 827
4, 827
4, 827
4, 827
4, 827
4, 827
4, 840
4, 827
4, 827
4, 827
4, 827
4, 827
1, 722
0, 221
0, 64
1, 490
0, 195
4, 784
4, 827
1, 730
4, 880
4, 826
4, 827
4, 827
4, 825
4, 826
1, 622
0, 35
4, 784
4, 827
4, 827
4, 827
4, 827
4, 827
1, 489
0, 195
4, 790
4, 827
4, 826
4, 827
0, 237
4, 784
4, 827
4, 827
4, 829
4, 827
4, 827
4, 827
4, 827
0, 231
4, 838
4, 827
4, 827
4, 827
1, 476
4, 839
4, 827
4, 827
1, 729
4, 785
4, 827
4, 827
4, 841
4, 827
4, 827
1, 490
0, 195
4, 784
4, 827
4, 827
4, 827
1, 614
0, 35
0, 273
0, 64
1, 490
0, 195
4, 784
4, 883
0, 193
4, 825
4, 827
0, 101
0, 195
4, 784
4, 827
4, 827
4, 827
1, 475
4, 825
4, 827
4, 827
4, 827
4, 827
1, 754
4, 785
4, 827
4, 827
4, 827
4, 827
4, 827
4, 827
4, 827
4, 827
4, 827
4, 827
4, 827
4, 827
4, 827
4, 827
4, 960
0, 195
4, 824
4, 827
4, 827
4, 827
4, 827
4, 827
4, 827
4, 827
4, 827
4, 827
4, 827
4, 827
4, 826
4, 827
4, 827
1, 703
1, 490
0, 195
4, 784
4, 827
4, 827
4, 827
4, 827
1, 489
0, 195
4, 787
4, 827
4, 827
4, 827
4, 827
4, 827
4, 827
4, 827
4, 827
4, 827
1, 455
4, 834
4, 827
4, 827
4, 827
4, 827
4, 827
4, 827
4, 827
4, 827
4, 884
0, 193
4, 784
0, 101
0, 195
4, 784
4, 827
4, 827
4, 827
4, 826
4, 827
4, 827
1, 454
0, 215
0, 64
1, 490
0, 195
4, 786
4, 827
4, 827
4, 827
4, 827
4, 827
4, 827
4, 827
4, 829
4, 827
4, 827
4, 827
4, 827
4, 827
4, 827
1, 614
0, 35
4, 787
4, 827
4, 826
4, 826
4, 827
1, 454
1, 454
4, 826
4, 827
1, 455
4, 826
4, 827
1, 467
0, 193
4, 784
4, 827
4, 827
0, 197
4, 784
4, 827
4, 827
4, 1099
0, 195
4, 784
4, 827
4, 827
4, 827
4, 884
0, 193
4, 784
1, 708
0, 35
4, 784
0, 197
4, 784
0, 83
4, 827
4, 827
4, 827
4, 827
4, 827
1, 722
4, 833
4, 827
4, 827
4, 827
1, 455
4, 882
0, 193
4, 784
4, 827
0, 195
4, 784
4, 826
1, 475
1, 724
4, 833
4, 827
0, 195
4, 784
4, 827
4, 827
4, 900
1, 474
4, 883
0, 193
4, 784
4, 827
4, 827
4, 827
4, 827
4, 827
4, 827
1, 614
0, 35
4, 784
0, 67
0, 196
4, 784
4, 827
4, 825
4, 836
4, 830
4, 827
4, 827
1, 454
4, 826
4, 827
4, 827
4, 827
4, 827
4, 828
4, 827
4, 827
4, 827
4, 827
1, 475
4, 826
1, 454
1, 472
4, 826
4, 827
4, 827
4, 827
4, 826
4, 827
4, 827
4, 827
4, 827
4, 827
0, 231
4, 785
4, 827
4, 826
4, 827
4, 827
4, 827
4, 827
4, 827
4, 827
4, 900
0, 193
4, 786
4, 827
4, 827
4, 827
4, 827
4, 967
0, 64
0, 195
4, 784
4, 827
4, 827
4, 827
1, 719
0, 35
4, 881
0, 193
4, 784
1, 454
4, 826
4, 827
1, 627
1, 490
0, 195
4, 784
4, 827
4, 827
4, 827
1, 783
0, 35
4, 826
1, 565
0, 195
4, 784
4, 827
4, 827
4, 827
4, 879
0, 193
4, 784
4, 827
1, 476
4, 826
4, 827
4, 827
4, 842
4, 827
1, 489
0, 195
4, 786
4, 827
1, 491
0, 35
4, 840
1, 476
0, 196
4, 784
4, 884
0, 193
4, 784
4, 827
4, 827
4, 827
1, 492
0, 195
4, 784
4, 827
4, 835
4, 827
4, 884
0, 193
4, 784
4, 827
4, 827
4, 827
0, 136
4, 826
1, 455
4, 825
4, 827
1, 489
0, 195
4, 784
4, 827
4, 826
1, 467
0, 193
4, 784
4, 827
4, 827
4, 827
4, 844
4, 827
4, 827
4, 828
4, 826
4, 827
4, 827
4, 827
4, 827
4, 827
4, 827
1, 688
4, 785
1, 474
4, 825
4, 827
4, 827
4, 827
4, 884
0, 193
0, 224
0, 64
1, 490
0, 195
4, 729
4, 781
4, 827
4, 827
4, 827
4, 829
4, 827
4, 827
4, 827
4, 879
0, 193
4, 781
4, 827
4, 827
4, 885
4, 885
4, 826
4, 825
4, 827
1, 725
4, 833
